1
538192.53 377649.97 40.81 29.03
538235.15 377655.64 40.81 29.33
538235.79 377644.00 40.81 29.32
538193.18 377638.32 40.81 28.84
538192.53 377649.97 40.81 29.03
0
2
538198.42 377621.09 40.81 28.60
538240.14 377627.55 40.81 29.12
538241.59 377616.79 40.81 28.98
538199.87 377610.33 40.81 28.51
538198.42 377621.09 40.81 28.60
0
3
538204.31 377592.22 40.81 28.41
538244.31 377598.59 40.81 28.90
538244.86 377588.61 40.81 28.70
538204.86 377582.25 40.81 28.23
538204.31 377592.22 40.81 28.41
0
4
538250.38 377659.81 40.81 29.75
538292.09 377666.26 40.81 30.16
538294.45 377654.72 40.81 29.99
538252.73 377648.26 40.81 29.54
538250.38 377659.81 40.81 29.75
0
5
538254.55 377630.84 40.81 29.37
538296.27 377637.30 40.81 29.90
538298.62 377625.75 40.81 29.67
538256.91 377619.29 40.81 29.18
538254.55 377630.84 40.81 29.37
0
6
538261.34 377601.19 40.81 29.06
538303.06 377607.64 40.81 29.59
538304.51 377596.88 40.81 29.59
538262.80 377590.42 40.81 28.89
538261.34 377601.19 40.81 29.06
0
7
538306.60 377667.89 40.81 30.35
538353.45 377674.63 40.81 30.93
538354.00 377664.65 40.81 30.81
538307.15 377657.91 40.81 30.13
538306.60 377667.89 40.81 30.35
0
8
538314.20 377639.12 40.81 30.14
538358.53 377644.88 40.81 30.64
538359.08 377634.90 40.81 30.57
538314.75 377629.14 40.81 30.07
538314.20 377639.12 40.81 30.14
0
9
538318.38 377610.15 40.81 29.82
538360.90 377617.49 40.81 30.55
538363.26 377605.94 40.81 30.47
538320.73 377598.60 40.81 29.79
538318.38 377610.15 40.81 29.82
0
10
538369.58 377678.02 40.81 31.12
538410.39 377685.26 40.81 31.58
538411.04 377673.61 40.81 31.50
538370.22 377666.37 40.81 31.05
538369.58 377678.02 40.81 31.12
0
11
538373.76 377649.05 40.81 30.96
538415.38 377657.17 40.81 31.49
538416.02 377645.53 40.81 31.22
538374.40 377637.41 40.81 30.78
538373.76 377649.05 40.81 30.96
0
12
538377.84 377621.75 40.81 30.71
538418.65 377628.99 40.81 31.20
538421.01 377617.44 40.81 31.07
538380.19 377610.20 40.81 30.72
538377.84 377621.75 40.81 30.71
0
13
538186.87 377550.40 38.72 27.67
538207.33 377553.19 38.72 27.90
538208.06 377539.88 38.72 27.84
538187.61 377537.09 38.72 27.58
538186.87 377550.40 38.72 27.67
0
14
538191.32 377516.44 38.72 27.31
538236.47 377523.09 38.72 28.11
538239.55 377497.95 38.72 28.01
538233.61 377497.07 38.72 27.94
538234.18 377492.83 38.72 27.93
538249.31 377494.83 38.72 28.15
538251.59 377479.51 38.72 28.08
538232.19 377476.14 38.72 27.85
538230.55 377490.23 38.72 27.91
538226.32 377489.17 38.72 27.86
538226.59 377484.18 38.72 27.81
538219.75 377483.80 38.72 27.76
538217.76 377488.70 38.72 27.68
538212.40 377487.96 38.72 27.51
538214.71 377472.59 38.72 27.44
538204.72 377471.57 38.72 27.33
538203.18 377482.84 38.72 27.31
538197.49 377482.58 38.72 27.28
538191.32 377516.44 38.72 27.31
0
15
538265.72 377553.05 39.02 28.75
538291.22 377557.78 39.02 29.24
538290.52 377564.29 39.02 29.28
538303.65 377565.97 39.02 29.45
538305.12 377556.35 39.02 29.44
538301.03 377555.58 39.02 29.38
538301.86 377551.69 39.02 29.40
538324.02 377554.58 39.02 29.46
538325.61 377542.52 39.02 29.35
538297.70 377538.42 39.02 29.05
538297.18 377543.54 39.02 29.07
538264.03 377537.11 39.02 28.71
538264.30 377532.12 39.02 28.66
538239.61 377528.27 39.02 28.15
538237.98 377542.35 39.02 28.17
538258.00 377545.34 39.02 28.67
538257.34 377549.25 39.02 28.69
538252.21 377548.97 39.02 28.63
538249.94 377558.86 39.02 28.62
538263.80 377561.43 39.02 28.80
538265.72 377553.05 39.02 28.75
0
16
538266.14 377498.86 39.02 28.47
538277.22 377500.30 39.02 28.47
538276.14 377504.41 39.02 28.59
538272.71 377504.22 39.02 28.53
538271.57 377508.97 39.02 28.60
538283.52 377510.65 39.02 28.81
538285.69 377502.43 39.02 28.73
538311.19 377507.16 39.02 29.08
538309.83 377516.26 39.02 29.12
538318.19 377517.42 39.02 29.22
538319.21 377512.55 39.02 29.17
538315.24 377511.56 39.02 29.13
538316.32 377507.45 39.02 29.12
538331.64 377509.95 39.02 29.32
538333.28 377495.86 39.02 29.10
538267.74 377484.37 39.02 28.27
538266.14 377498.86 39.02 28.47
0
17
538340.47 377511.78 39.02 29.34
538351.23 377513.83 39.02 29.34
538349.83 377522.63 39.02 29.49
538357.49 377523.88 39.02 29.49
538358.66 377515.63 39.02 29.33
538385.29 377519.72 39.02 29.20
538384.79 377527.04 39.02 29.32
538392.98 377527.66 39.02 29.25
538393.72 377520.86 39.02 29.11
538405.27 377522.28 39.02 29.01
538407.06 377506.66 39.02 28.34
538342.52 377497.18 39.02 29.15
538340.47 377511.78 39.02 29.34
0
18
538332.53 377558.66 39.02 29.60
538346.10 377561.22 39.02 29.91
538343.54 377571.21 39.02 29.93
538352.21 377572.80 39.02 30.02
538355.33 377563.01 39.02 30.04
538378.64 377566.85 39.02 30.28
538376.58 377576.33 39.02 30.28
538385.04 377578.64 39.02 30.43
538387.63 377568.91 39.02 30.36
538397.00 377570.25 39.02 30.40
538399.54 377555.38 39.02 30.15
538335.35 377543.54 39.02 29.51
538332.53 377558.66 39.02 29.60
0
19
538773.02 377851.09 57.54 38.86
538806.64 377848.77 57.54 39.45
538805.38 377840.36 57.54 39.15
538771.77 377842.69 57.54 38.74
538773.02 377851.09 57.54 38.86
0
20
538770.26 377823.42 57.54 38.21
538803.06 377820.21 57.54 38.82
538801.00 377810.92 57.54 38.64
538768.19 377814.13 57.54 37.92
538770.26 377823.42 57.54 38.21
0
21
538778.21 377881.41 57.54 39.49
538810.21 377877.32 57.54 40.08
538808.15 377868.03 57.54 39.95
538776.15 377872.12 57.54 39.25
538778.21 377881.41 57.54 39.49
0
22
538838.69 377874.71 57.54 40.61
538868.88 377872.19 57.54 40.95
538866.82 377862.91 57.54 40.88
538836.63 377865.42 57.54 40.41
538838.69 377874.71 57.54 40.61
0
23
538835.21 377844.49 57.54 39.88
538864.50 377842.76 57.54 40.51
538863.24 377834.35 57.54 40.28
538833.95 377836.08 57.54 39.71
538835.21 377844.49 57.54 39.88
0
24
538832.44 377816.82 57.54 39.35
538863.44 377815.18 57.54 39.83
538861.38 377805.89 57.54 39.65
538830.38 377807.53 57.54 39.27
538832.44 377816.82 57.54 39.35
0
25
538768.85 377786.64 57.54 37.54
538805.18 377781.96 57.54 38.22
538803.11 377772.67 57.54 38.13
538766.79 377777.35 57.54 37.38
538768.85 377786.64 57.54 37.54
0
26
538763.38 377761.32 57.54 37.00
538801.42 377756.73 57.54 37.80
538801.07 377747.53 57.54 37.67
538763.03 377752.12 57.54 36.91
538763.38 377761.32 57.54 37.00
0
27
538760.34 377738.63 57.54 36.59
538798.38 377734.04 57.54 37.38
538797.22 377723.97 57.54 37.20
538759.19 377728.56 57.54 36.51
538760.34 377738.63 57.54 36.59
0
28
538830.23 377779.16 54.55 38.71
538878.63 377773.47 54.55 39.21
538875.66 377764.97 54.55 39.04
538827.27 377770.66 54.55 38.62
538830.23 377779.16 54.55 38.71
0
29
538827.28 377754.81 54.55 38.17
538874.78 377749.91 54.55 38.78
538872.72 377740.62 54.55 38.50
538825.22 377745.52 54.55 38.05
538827.28 377754.81 54.55 38.17
0
30
538825.24 377729.67 54.55 37.76
538872.73 377724.77 54.55 38.07
538870.67 377715.48 54.55 37.96
538823.18 377720.39 54.55 37.46
538825.24 377729.67 54.55 37.76
0
31
538819.68 377706.02 54.55 37.06
538869.79 377700.42 54.55 37.67
538867.72 377691.13 54.55 37.39
538817.61 377696.73 54.55 36.84
538819.68 377706.02 54.55 37.06
0
32
538890.70 377772.47 54.55 39.47
538926.12 377768.57 54.55 39.81
538924.06 377759.28 54.55 39.66
538888.64 377763.18 54.55 39.28
538890.70 377772.47 54.55 39.47
0
33
538943.52 377764.52 54.55 40.02
538977.95 377763.07 54.55 40.43
538976.79 377752.99 54.55 40.06
538942.36 377754.44 54.55 39.84
538943.52 377764.52 54.55 40.02
0
34
538940.48 377741.83 54.55 39.46
538975.00 377738.72 54.55 39.64
538974.74 377727.86 54.55 39.25
538940.22 377730.97 54.55 39.15
538940.48 377741.83 54.55 39.46
0
35
538936.63 377718.26 54.55 38.85
538973.76 377714.46 54.55 38.86
538970.89 377704.29 54.55 38.58
538933.76 377708.10 54.55 38.48
538936.63 377718.26 54.55 38.85
0
36
538934.59 377693.13 54.55 38.04
538971.63 377690.99 54.55 38.22
538970.37 377682.58 54.55 37.84
538933.33 377684.72 54.55 37.68
538934.59 377693.13 54.55 38.04
0
37
538889.95 377724.05 51.27 38.46
538923.56 377721.72 51.27 38.76
538921.68 377709.10 51.27 38.45
538888.07 377711.43 51.27 38.11
538889.95 377724.05 51.27 38.46
0
38
538886.19 377698.82 51.27 37.85
538919.09 377693.95 51.27 38.01
538917.02 377684.66 51.27 37.71
538884.13 377689.53 51.27 37.54
538886.19 377698.82 51.27 37.85
0
39
538886.18 377869.81 59.33 41.23
538930.26 377864.71 59.33 41.89
538926.67 377852.01 59.33 41.72
538882.59 377857.10 59.33 41.04
538886.18 377869.81 59.33 41.23
0
40
538881.89 377838.71 59.33 40.59
538926.77 377834.50 59.33 41.21
538923.99 377822.67 59.33 40.90
538879.11 377826.88 59.33 40.36
538881.89 377838.71 59.33 40.59
0
41
538879.22 377809.37 59.33 40.09
538924.01 377806.82 59.33 40.73
538922.04 377795.87 59.33 40.43
538877.25 377798.42 59.33 39.77
538879.22 377809.37 59.33 40.09
0
42
538946.66 377863.11 59.33 42.02
538990.73 377858.02 59.33 42.74
538987.95 377846.19 59.33 42.38
538943.88 377851.28 59.33 41.84
538946.66 377863.11 59.33 42.02
0
43
538943.18 377832.89 59.33 41.37
538986.35 377828.59 59.33 41.86
538984.38 377817.63 59.33 41.64
538941.21 377821.94 59.33 41.06
538943.18 377832.89 59.33 41.37
0
44
538938.79 377803.46 59.33 40.75
538983.58 377800.91 59.33 41.46
538981.61 377789.96 59.33 41.12
538936.82 377792.51 59.33 40.44
538938.79 377803.46 59.33 40.75
0
45
538780.15 377924.05 56.94 40.87
538816.56 377917.71 56.94 41.18
538813.60 377909.20 56.94 40.92
538777.19 377915.55 56.94 40.54
538780.15 377924.05 56.94 40.87
0
46
538728.77 377937.08 56.94 40.28
538765.99 377931.62 56.94 41.00
538764.74 377923.21 56.94 40.54
538727.52 377928.67 56.94 40.04
538728.77 377937.08 56.94 40.28
0
47
538775.97 377953.02 56.94 46.35
538819.23 377947.04 56.94 50.15
538816.64 377931.89 56.94 42.84
538773.38 377937.86 56.94 41.44
538775.97 377953.02 56.94 46.35
0
48
538737.66 377962.59 56.94 51.67
538771.46 377956.94 56.94 49.68
538768.77 377943.45 56.94 41.52
538734.98 377949.10 56.94 46.02
538737.66 377962.59 56.94 51.67
0
49
538845.04 377915.09 56.94 41.93
538881.27 377912.08 56.94 42.36
538879.30 377901.13 56.94 41.73
538843.07 377904.14 56.94 41.28
538845.04 377915.09 56.94 41.93
0
50
538846.90 377943.56 56.94 48.84
538883.94 377941.42 56.94 51.09
538882.69 377933.01 56.94 49.17
538845.65 377935.15 56.94 46.55
538846.90 377943.56 56.94 48.84
0
51
538849.48 377974.56 56.94 49.82
538882.29 377971.35 56.94 50.36
538879.42 377961.19 56.94 50.93
538846.61 377964.39 56.94 49.40
538849.48 377974.56 56.94 49.82
0
52
539007.83 377797.23 58.14 41.51
539054.52 377791.45 58.14 41.39
539052.45 377782.16 58.14 41.18
539005.77 377787.95 58.14 41.11
539007.83 377797.23 58.14 41.51
0
53
539011.40 377825.79 58.14 42.31
539057.28 377819.13 58.14 42.40
539055.21 377809.84 58.14 42.05
539009.34 377816.50 58.14 42.10
539011.40 377825.79 58.14 42.31
0
54
539014.98 377854.34 58.14 42.89
539062.47 377849.44 58.14 43.28
539058.79 377838.39 58.14 42.97
539011.29 377843.30 58.14 42.58
539014.98 377854.34 58.14 42.89
0
55
538951.21 377905.07 61.72 43.60
538995.28 377899.97 61.72 44.77
538992.41 377889.81 61.72 43.68
538948.34 377894.90 61.72 43.06
538951.21 377905.07 61.72 43.60
0
56
538953.07 377933.53 61.72 53.76
538996.33 377927.56 61.72 57.86
538994.36 377916.60 61.72 56.20
538951.10 377922.58 61.72 53.05
538953.07 377933.53 61.72 53.76
0
57
538961.06 377959.82 61.72 54.67
539000.00 377954.45 61.72 56.63
538997.94 377945.16 61.72 57.20
538959.00 377950.53 61.72 55.53
538961.06 377959.82 61.72 54.67
0
58
538897.97 377967.21 61.72 51.32
538941.24 377961.24 61.72 53.20
538939.27 377950.29 61.72 52.75
538896.00 377956.26 61.72 51.25
538897.97 377967.21 61.72 51.32
0
59
538898.64 377939.72 61.72 50.74
538931.44 377936.51 61.72 51.11
538928.48 377928.01 61.72 50.64
538895.67 377931.22 61.72 49.98
538898.64 377939.72 61.72 50.74
0
60
538895.06 377911.16 61.72 42.65
538927.87 377907.96 61.72 43.23
538926.61 377899.55 61.72 42.87
538893.81 377902.75 61.72 42.35
538895.06 377911.16 61.72 42.65
0
61
539024.81 377924.95 61.72 57.89
539067.08 377921.42 61.72 58.77
539066.82 377910.57 61.72 56.76
539024.55 377914.09 61.72 54.56
539024.81 377924.95 61.72 57.89
0
62
539029.29 377952.72 61.72 58.63
539070.75 377948.32 61.72 59.20
539068.87 377935.70 61.72 59.69
539027.41 377940.10 61.72 58.85
539029.29 377952.72 61.72 58.63
0
63
539223.98 377910.00 53.06 52.26
539389.91 377890.73 53.06 53.44
539388.21 377874.79 53.06 49.30
539372.71 377875.61 53.06 49.86
539373.25 377881.48 53.06 50.70
539222.82 377899.93 53.06 51.31
539223.98 377910.00 53.06 52.26
0
64
539395.14 377889.35 53.06 53.61
539434.88 377884.86 53.06 52.85
539432.38 377868.04 53.06 50.34
539392.63 377872.53 53.06 49.74
539395.14 377889.35 53.06 53.61
0
65
539305.77 377859.43 50.67 43.86
539254.04 377863.27 50.67 44.04
539256.20 377870.90 50.67 45.18
539240.60 377873.38 50.67 45.10
539239.09 377854.11 50.67 43.68
539304.97 377849.22 50.67 43.05
539305.77 377859.43 50.67 43.86
0
66
539316.14 377858.33 50.67 43.85
539425.91 377845.16 50.67 42.26
539425.56 377835.97 50.67 41.29
539315.79 377849.14 50.67 42.95
539316.14 377858.33 50.67 43.85
0
67
539278.22 377922.98 57.84 53.12
539320.58 377917.80 57.84 53.11
539319.23 377911.05 57.84 52.88
539276.87 377916.24 57.84 52.78
539278.22 377922.98 57.84 53.12
0
68
539221.17 377929.87 54.55 53.01
539269.57 377924.18 54.55 53.30
539267.41 377916.55 54.55 52.99
539219.01 377922.24 54.55 52.85
539221.17 377929.87 54.55 53.01
0
69
539278.77 377913.00 54.25 52.80
539313.38 377908.23 54.25 52.88
539311.13 377902.27 54.25 52.74
539276.52 377907.04 54.25 52.96
539278.77 377913.00 54.25 52.80
0
70
539219.20 377918.91 54.25 52.47
539265.88 377913.13 54.25 52.90
539264.45 377908.05 54.25 52.79
539217.76 377913.83 54.25 51.92
539219.20 377918.91 54.25 52.47
0
71
539335.84 377923.35 55.45 55.05
539379.74 377918.82 55.45 56.05
539379.25 377912.67 55.45 55.14
539370.69 377912.94 55.45 55.22
539370.24 377905.70 55.45 54.40
539343.39 377909.04 55.45 53.07
539343.99 377914.75 55.45 53.75
539335.27 377916.10 55.45 53.41
539335.84 377923.35 55.45 55.05
0
72
539393.31 377906.77 56.94 55.73
539433.87 377903.15 56.94 56.47
539431.71 377895.53 56.94 54.63
539391.16 377899.15 56.94 55.14
539393.31 377906.77 56.94 55.73
0
73
539396.91 377919.48 56.94 57.46
539434.94 377914.89 56.94 60.61
539434.50 377907.36 56.94 56.92
539396.46 377911.95 56.94 56.38
539396.91 377919.48 56.94 57.46
0
74
539233.56 377969.75 65.61 60.82
539277.63 377964.66 65.61 61.51
539275.66 377953.71 65.61 59.46
539231.59 377958.80 65.61 57.47
539233.56 377969.75 65.61 60.82
0
75
539233.27 377990.58 66.80 62.81
539282.57 377984.11 66.80 65.04
539279.70 377973.94 66.80 63.17
539230.40 377980.42 66.80 60.72
539233.27 377990.58 66.80 62.81
0
76
539255.97 377999.34 69.49 67.74
539284.54 377995.06 69.49 66.01
539282.39 377987.44 69.49 65.51
539253.81 377991.71 69.49 66.35
539255.97 377999.34 69.49 67.74
0
77
539234.43 378000.66 68.29 63.41
539248.31 377998.08 68.29 67.14
539246.96 377991.33 68.29 64.92
539233.08 377993.91 68.29 62.90
539234.43 378000.66 68.29 63.41
0
78
539534.05 377675.10 43.20 34.83
539673.03 377661.86 43.20 33.46
539673.47 377669.39 43.20 33.58
539681.22 377668.98 43.20 33.44
539680.78 377661.45 43.20 33.13
539763.78 377650.98 43.20 32.81
539762.62 377640.91 43.20 33.06
539573.01 377661.17 43.20 34.22
539572.92 377655.54 43.20 34.17
539560.23 377656.42 43.20 34.34
539561.37 377662.41 43.20 34.40
539532.57 377665.16 43.20 34.54
539534.05 377675.10 43.20 34.83
0
79
539182.11 377300.49 44.20 27.44
539231.61 377296.33 44.20 27.50
539228.57 377252.15 44.20 26.68
539299.32 377246.02 44.20 26.61
539302.96 377288.76 44.20 27.35
539352.30 377284.57 44.20 27.53
539350.66 377264.68 44.20 27.19
539317.05 377267.01 44.20 26.90
539313.44 377233.66 44.20 26.50
539298.25 377234.28 44.20 26.48
539297.81 377226.75 44.20 26.38
539223.67 377234.21 44.20 26.38
539224.79 377242.77 44.20 26.51
539210.10 377244.47 44.20 26.49
539211.91 377277.72 44.20 27.14
539180.60 377281.22 44.20 27.19
539182.11 377300.49 44.20 27.44
0
80
539439.30 377214.49 52.27 27.83
539501.46 377208.76 52.27 28.44
539499.07 377189.41 52.27 28.45
539436.08 377195.13 52.27 27.95
539439.30 377214.49 52.27 27.83
0
81
539494.89 377209.58 49.88 28.43
539495.71 377218.61 49.88 28.31
539534.64 377213.88 49.88 28.42
539533.48 377201.91 49.88 28.39
539527.54 377202.64 49.88 28.44
539527.18 377197.54 49.88 28.45
539500.64 377201.37 49.88 28.48
539502.00 377208.76 49.88 28.44
539494.89 377209.58 49.88 28.43
0
82
539445.34 377213.98 49.88 27.95
539445.69 377223.18 49.88 27.90
539411.08 377227.96 49.88 27.28
539409.02 377218.67 49.88 27.24
539413.34 377218.07 49.88 27.31
539412.00 377211.33 49.88 27.45
539437.95 377207.74 49.88 27.82
539439.30 377214.49 52.27 27.83
539445.34 377213.98 49.88 27.95
0
83
539422.34 377148.50 42.71 28.41
539449.92 377146.67 42.71 28.46
539449.46 377140.06 42.71 28.45
539476.15 377138.10 42.71 28.46
539476.68 377143.97 42.71 28.42
539506.06 377140.58 42.71 28.20
539504.47 377127.47 42.71 28.18
539494.72 377128.28 42.71 28.27
539494.34 377123.10 42.71 28.24
539427.84 377130.76 42.71 28.62
539428.66 377139.52 42.71 28.56
539421.09 377140.09 42.71 28.49
539422.34 377148.50 42.71 28.41
0
84
538992.67 377652.10 47.19 37.01
539047.10 377645.91 47.19 37.14
539042.90 377613.15 47.19 36.23
538988.56 377617.68 47.19 36.08
538989.72 377627.75 47.19 36.39
539036.31 377623.63 47.19 36.43
539037.20 377638.70 47.19 36.84
538992.18 377643.82 47.19 36.84
538992.67 377652.10 47.19 37.01
0
85
538759.11 377714.38 44.09 36.24
538795.34 377711.35 44.09 36.91
538793.46 377698.74 44.09 36.64
538757.23 377701.76 44.09 36.04
538759.11 377714.38 44.09 36.24
0
86
539075.00 377684.97 52.46 38.32
539096.93 377682.31 52.46 38.24
539098.78 377689.61 52.46 38.48
539115.20 377685.53 52.46 38.36
539113.41 377676.58 52.46 37.97
539110.08 377676.94 52.46 38.06
539108.63 377666.80 52.46 37.64
539072.31 377671.48 52.46 37.77
539075.00 377684.97 52.46 38.32
0
87
539085.76 377645.53 52.46 37.05
539116.05 377641.35 52.46 36.75
539114.67 377632.68 52.46 36.44
539106.14 377634.13 52.46 36.53
539104.10 377623.72 52.46 36.12
539113.59 377622.83 52.46 36.10
539112.47 377612.79 52.46 35.78
539068.49 377616.22 52.46 36.04
539069.70 377626.05 52.46 36.42
539095.52 377624.38 52.46 36.18
539097.49 377635.33 52.46 36.52
539084.26 377637.15 52.46 36.80
539085.76 377645.53 52.46 37.05
0
88
539117.06 377623.05 48.58 36.11
539161.94 377618.84 48.58 35.75
539162.68 377625.51 48.58 35.95
539152.29 377626.77 48.58 36.10
539152.47 377630.71 48.58 36.22
539126.78 377633.59 48.58 36.46
539126.15 377629.39 48.58 36.27
539118.11 377630.15 48.58 36.26
539117.06 377623.05 48.58 36.11
0
89
539289.86 377821.03 61.72 41.91
539351.96 377816.09 61.72 41.06
539349.99 377805.14 61.72 40.63
539287.89 377810.08 61.72 41.58
539289.86 377821.03 61.72 41.91
0
90
539370.07 377814.58 61.72 40.73
539424.42 377810.05 61.72 40.06
539423.26 377799.98 61.72 39.59
539368.91 377804.51 61.72 40.34
539370.07 377814.58 61.72 40.73
0
91
539285.48 377791.59 61.72 40.79
539346.77 377785.78 61.72 39.95
539346.41 377776.58 61.72 39.71
539285.13 377782.40 61.72 40.46
539285.48 377791.59 61.72 40.79
0
92
539367.40 377785.24 61.72 39.67
539420.84 377781.50 61.72 39.04
539419.78 377769.76 61.72 38.71
539366.33 377773.50 61.72 39.38
539367.40 377785.24 61.72 39.67
0
93
539282.72 377763.92 61.72 39.86
539347.52 377756.63 61.72 38.96
539346.36 377746.55 61.72 38.68
539281.56 377753.84 61.72 39.62
539282.72 377763.92 61.72 39.86
0
94
539366.35 377757.66 61.72 38.75
539418.17 377752.16 61.72 38.13
539415.30 377741.99 61.72 37.81
539363.48 377747.49 61.72 38.35
539366.35 377757.66 61.72 38.75
0
95
539250.93 377826.40 57.84 42.57
539272.56 377823.42 57.84 42.16
539270.59 377812.47 57.84 41.68
539248.96 377815.45 57.84 42.17
539250.93 377826.40 57.84 42.57
0
96
539248.26 377797.06 57.84 41.43
539270.70 377794.96 57.84 41.13
539268.64 377785.67 57.84 40.78
539246.19 377787.77 57.84 41.06
539248.26 377797.06 57.84 41.43
0
97
539246.40 377768.60 57.84 40.32
539266.22 377767.19 57.84 40.06
539264.97 377758.78 57.84 39.83
539245.14 377760.19 57.84 40.19
539246.40 377768.60 57.84 40.32
0
98
539249.96 377719.58 44.99 38.67
539286.28 377714.90 44.99 37.99
539288.16 377727.52 44.99 38.46
539251.84 377732.20 44.99 38.97
539249.96 377719.58 44.99 38.67
0
99
539248.71 377711.17 44.99 38.35
539285.03 377706.49 44.99 37.76
539283.15 377693.88 44.99 37.40
539246.83 377698.56 44.99 37.69
539248.71 377711.17 44.99 38.35
0
100
539247.29 377690.25 44.99 37.52
539281.00 377686.25 44.99 37.29
539279.84 377676.18 44.99 36.88
539246.13 377680.17 44.99 37.20
539247.29 377690.25 44.99 37.52
0
101
539296.01 377725.44 44.99 38.33
539327.91 377723.02 44.99 37.91
539325.94 377712.07 44.99 37.64
539294.03 377714.49 44.99 38.02
539296.01 377725.44 44.99 38.33
0
102
539340.08 377720.35 44.99 37.72
539369.46 377716.96 44.99 37.45
539367.49 377706.01 44.99 37.10
539338.11 377709.40 44.99 37.43
539340.08 377720.35 44.99 37.72
0
103
539336.94 377699.33 44.99 37.20
539368.85 377696.91 44.99 36.73
539367.69 377686.83 44.99 36.38
539335.79 377689.26 44.99 36.82
539336.94 377699.33 44.99 37.20
0
104
539333.72 377679.97 44.99 36.48
539366.53 377676.76 44.99 36.11
539363.66 377666.59 44.99 35.73
539330.85 377669.80 44.99 36.10
539333.72 377679.97 44.99 36.48
0
105
539382.44 377715.17 44.99 37.28
539420.47 377710.58 44.99 36.78
539417.51 377702.07 44.99 36.42
539379.47 377706.66 44.99 36.91
539382.44 377715.17 44.99 37.28
0
106
539379.31 377694.14 44.99 36.61
539416.44 377690.34 44.99 36.17
539414.37 377681.05 44.99 35.98
539377.24 377684.85 44.99 36.26
539379.31 377694.14 44.99 36.61
0
107
539376.98 377674.00 44.99 35.93
539414.93 377671.07 44.99 35.67
539413.67 377662.66 44.99 35.32
539375.73 377665.59 44.99 35.78
539376.98 377674.00 44.99 35.93
0
108
539291.36 377685.15 44.99 37.05
539323.36 377681.07 44.99 36.67
539321.30 377671.78 44.99 36.35
539289.30 377675.86 44.99 36.73
539291.36 377685.15 44.99 37.05
0
109
539438.58 377709.07 44.99 36.62
539474.01 377705.17 44.99 36.14
539471.94 377695.88 44.99 35.83
539436.52 377699.78 44.99 36.30
539438.58 377709.07 44.99 36.62
0
110
539438.79 377689.90 44.99 36.06
539472.59 377684.24 44.99 35.40
539470.43 377676.61 44.99 35.25
539436.63 377682.27 44.99 35.80
539438.79 377689.90 44.99 36.06
0
111
539436.46 377669.75 44.99 35.47
539470.17 377665.76 44.99 34.96
539468.11 377656.47 44.99 34.76
539434.40 377660.46 44.99 35.25
539436.46 377669.75 44.99 35.47
0
112
539483.56 377703.19 44.99 35.93
539513.75 377700.67 44.99 35.59
539512.59 377690.60 44.99 35.32
539482.40 377693.12 44.99 35.64
539483.56 377703.19 44.99 35.93
0
113
539479.54 377667.10 44.99 34.91
539510.64 377663.80 44.99 34.69
539507.85 377651.97 44.99 34.46
539476.76 377655.28 44.99 34.70
539479.54 377667.10 44.99 34.91
0
114
539458.83 377902.02 66.50 58.74
539501.19 377896.83 66.50 46.25
539499.04 377889.21 66.50 45.33
539456.68 377894.39 66.50 56.93
539458.83 377902.02 66.50 58.74
0
115
539458.59 377875.31 66.50 53.23
539497.44 377871.60 66.50 43.43
539495.46 377860.65 66.50 42.18
539456.62 377864.36 66.50 45.49
539458.59 377875.31 66.50 53.23
0
116
539456.73 377846.85 66.50 41.92
539495.67 377841.48 66.50 40.22
539493.69 377830.53 66.50 39.32
539454.76 377835.90 66.50 40.60
539456.73 377846.85 66.50 41.92
0
117
539520.84 377898.74 66.50 45.82
539559.68 377895.03 66.50 45.33
539556.81 377884.87 66.50 44.26
539517.96 377888.58 66.50 45.18
539520.84 377898.74 66.50 45.82
0
118
539516.45 377869.31 66.50 43.26
539557.01 377865.69 66.50 41.94
539555.85 377855.62 66.50 41.18
539515.29 377859.24 66.50 42.00
539516.45 377869.31 66.50 43.26
0
119
539514.68 377839.19 66.50 39.86
539553.53 377835.47 66.50 39.59
539551.56 377824.52 66.50 38.66
539512.71 377828.23 66.50 39.34
539514.68 377839.19 66.50 39.86
0
120
539574.22 377864.97 59.63 41.94
539613.97 377860.47 59.63 40.98
539613.71 377849.62 59.63 40.41
539573.96 377854.11 59.63 40.99
539574.22 377864.97 59.63 41.94
0
121
539572.45 377834.84 59.63 39.38
539610.30 377833.58 59.63 39.36
539610.13 377821.06 59.63 38.53
539572.28 377822.32 59.63 38.64
539572.45 377834.84 59.63 39.38
0
122
539581.13 377895.37 59.63 44.74
539619.25 377889.12 59.63 43.48
539617.28 377878.17 59.63 42.65
539579.16 377884.42 59.63 43.76
539581.13 377895.37 59.63 44.74
0
123
539452.90 377807.44 53.06 39.65
539494.35 377803.04 53.06 38.94
539491.57 377791.21 53.06 38.68
539450.12 377795.61 53.06 39.25
539452.90 377807.44 53.06 39.65
0
124
539512.47 377801.53 53.06 38.64
539551.41 377796.16 53.06 38.16
539548.53 377785.99 53.06 37.95
539509.60 377791.36 53.06 38.44
539512.47 377801.53 53.06 38.64
0
125
539449.42 377777.22 53.06 38.58
539492.59 377772.92 53.06 38.02
539490.61 377761.96 53.06 37.76
539447.44 377766.27 53.06 38.35
539449.42 377777.22 53.06 38.58
0
126
539507.99 377773.76 53.06 37.86
539548.55 377770.14 53.06 37.28
539546.58 377759.19 53.06 37.06
539506.02 377762.81 53.06 37.64
539507.99 377773.76 53.06 37.86
0
127
539445.75 377750.33 53.06 37.72
539489.01 377744.36 53.06 37.17
539485.33 377733.32 53.06 36.87
539442.07 377739.29 53.06 37.53
539445.75 377750.33 53.06 37.72
0
128
539501.99 377742.57 53.06 37.14
539545.97 377739.14 53.06 36.35
539544.81 377729.07 53.06 36.13
539500.83 377732.50 53.06 36.76
539501.99 377742.57 53.06 37.14
0
129
539564.39 377794.37 53.06 37.99
539607.46 377791.72 53.06 37.58
539606.30 377781.65 53.06 37.43
539563.22 377784.29 53.06 37.60
539564.39 377794.37 53.06 37.99
0
130
539562.52 377765.90 53.06 37.03
539603.89 377763.17 53.06 36.76
539602.82 377751.43 53.06 36.51
539561.45 377754.17 53.06 36.83
539562.52 377765.90 53.06 37.03
0
131
539558.05 377738.13 53.06 36.15
539602.03 377734.71 53.06 35.94
539601.68 377725.51 53.06 35.72
539557.70 377728.94 53.06 36.01
539558.05 377738.13 53.06 36.15
0
132
539635.94 377789.11 58.44 37.32
539688.57 377784.49 58.44 36.57
539686.51 377775.20 58.44 36.19
539633.88 377779.82 58.44 37.05
539635.94 377789.11 58.44 37.32
0
133
539633.27 377759.77 58.44 36.42
539685.81 377756.81 58.44 35.72
539683.03 377744.98 58.44 35.45
539630.49 377747.94 58.44 36.12
539633.27 377759.77 58.44 36.42
0
134
539628.89 377730.34 53.06 35.69
539683.14 377727.47 53.06 34.91
539682.07 377715.74 53.06 34.65
539627.82 377718.60 53.06 35.20
539628.89 377730.34 53.06 35.69
0
135
539701.25 377725.96 51.56 34.86
539751.18 377723.69 51.56 33.89
539751.01 377711.17 51.56 32.91
539701.09 377713.44 51.56 34.50
539701.25 377725.96 51.56 34.86
0
136
539702.40 377751.88 51.56 35.43
539752.32 377749.61 51.56 34.90
539751.26 377737.88 51.56 34.37
539701.33 377740.15 51.56 35.07
539702.40 377751.88 51.56 35.43
0
137
539704.35 377778.68 51.56 36.07
539755.18 377775.63 51.56 35.82
539754.02 377765.55 51.56 35.51
539703.19 377768.61 51.56 35.87
539704.35 377778.68 51.56 36.07
0
138
539628.60 377409.20 48.58 28.77
539689.98 377401.72 48.58 28.72
539688.45 377392.10 48.58 28.68
539642.13 377397.43 48.58 28.93
539640.79 377390.68 48.58 28.95
539626.54 377392.29 48.58 28.75
539627.44 377399.12 48.58 28.71
539616.18 377401.01 48.58 28.61
539617.54 377418.55 48.58 28.64
539599.34 377421.37 48.58 28.59
539601.36 377436.06 48.58 28.80
539629.98 377432.58 48.58 28.59
539628.60 377409.20 48.58 28.77
0
139
539499.17 377265.31 44.09 27.90
539549.28 377259.72 44.09 28.32
539545.60 377248.67 44.09 28.36
539495.49 377254.27 44.09 28.12
539499.17 377265.31 44.09 27.90
0
140
539408.95 377282.06 44.09 27.42
539470.32 377274.58 44.09 27.72
539465.83 377262.65 44.09 27.77
539404.46 377270.13 44.09 27.29
539408.95 377282.06 44.09 27.42
0
141
539582.09 377256.51 44.09 28.43
539643.37 377250.69 44.09 27.89
539640.68 377237.20 44.09 27.92
539579.40 377243.02 44.09 28.44
539582.09 377256.51 44.09 28.43
0
142
539577.90 377207.90 44.09 28.07
539640.00 377202.97 44.09 27.49
539637.31 377189.47 44.09 27.51
539575.22 377194.41 44.09 28.06
539577.90 377207.90 44.09 28.07
0
143
539567.31 377166.45 40.51 27.91
539611.39 377161.36 40.51 27.52
539609.42 377150.41 40.51 27.50
539565.34 377155.50 40.51 27.89
539567.31 377166.45 40.51 27.91
0
144
539672.21 377163.86 41.41 27.19
539719.71 377158.96 41.41 26.79
539715.95 377133.73 41.41 26.64
539668.45 377138.63 41.41 27.02
539672.21 377163.86 41.41 27.19
0
145
539570.35 377111.57 39.91 27.40
539612.62 377108.05 39.91 27.19
539609.67 377083.70 39.91 27.09
539567.40 377087.22 39.91 27.42
539570.35 377111.57 39.91 27.40
0
146
539519.41 377132.13 47.08 28.06
539536.72 377129.75 47.08 27.93
539535.02 377113.80 47.08 27.85
539517.72 377116.19 47.08 27.85
539519.41 377132.13 47.08 28.06
0
147
539486.36 377108.64 47.08 28.18
539520.88 377105.52 47.08 27.80
539520.26 377101.32 47.08 27.86
539530.62 377100.22 47.08 27.73
539527.93 377086.72 47.08 27.61
539482.81 377090.79 47.08 28.14
539486.36 377108.64 47.08 28.18
0
148
539010.34 376974.95 72.18 27.07
539072.94 376970.76 72.18 27.45
539070.45 376952.51 72.18 27.48
539007.93 376956.47 72.18 27.26
539010.34 376974.95 72.18 27.07
0
149
539072.95 376970.75 64.71 27.45
539089.74 376967.63 64.71 27.49
539087.38 376949.51 64.71 27.53
539070.55 376952.31 64.71 27.48
539072.95 376970.75 64.71 27.45
0
150
539010.03 376975.56 64.71 27.07
538989.60 376976.36 64.71 27.00
538987.59 376958.33 64.71 27.21
539007.63 376956.72 64.71 27.26
539010.03 376975.56 64.71 27.07
0
151
538929.91 377016.42 55.75 26.51
538927.68 376994.61 55.75 26.47
538947.51 376993.20 55.75 26.73
538949.74 377015.01 55.75 26.55
538929.91 377016.42 55.75 26.51
0
152
538926.10 376961.16 55.75 26.80
538922.25 376937.60 55.75 27.06
538941.26 376935.30 55.75 27.11
538945.11 376958.87 55.75 26.88
538926.10 376961.16 55.75 26.80
0
153
539143.15 376995.58 55.75 27.48
539140.82 376975.43 55.75 27.42
539158.94 376973.92 55.75 27.43
539161.26 376994.07 55.75 27.48
539143.15 376995.58 55.75 27.48
0
154
539136.81 376939.34 55.75 27.38
539134.58 376917.54 55.75 27.39
539151.79 376916.81 55.75 27.47
539154.02 376938.62 55.75 27.45
539136.81 376939.34 55.75 27.38
0
155
538948.72 377008.42 52.16 26.58
538977.17 377006.41 52.16 26.66
538974.11 376977.97 52.16 26.97
538989.19 376975.16 52.16 27.02
538988.63 376963.76 52.16 27.18
538974.37 376966.34 52.16 27.08
538970.37 376936.90 52.16 27.41
538941.91 376940.29 52.16 27.05
538943.51 376949.11 52.16 26.96
538960.74 376947.91 52.16 27.27
538966.16 376997.55 52.16 26.73
538948.04 376999.07 52.16 26.68
538948.72 377008.42 52.16 26.58
0
156
539142.68 376991.99 52.16 27.50
539112.24 376995.55 52.16 27.34
539108.66 376967.00 52.16 27.49
539089.78 376967.54 52.16 27.49
539088.18 376955.12 52.16 27.52
539112.82 376953.88 52.16 27.57
539108.44 376924.44 52.16 27.63
539135.21 376921.74 52.16 27.41
539135.87 376932.06 52.16 27.37
539117.35 376934.11 52.16 27.55
539124.06 376983.69 52.16 27.47
539141.86 376983.12 52.16 27.48
539142.68 376991.99 52.16 27.50
0
157
539006.60 377011.45 44.39 26.83
539087.62 377005.88 44.39 27.25
539085.21 376987.40 44.39 27.38
539004.19 376992.97 44.39 26.92
539006.60 377011.45 44.39 26.83
0
158
538809.03 376966.42 46.19 26.43
538862.56 376961.02 46.19 26.40
538860.15 376942.53 46.19 26.60
538806.62 376947.94 46.19 26.22
538809.03 376966.42 46.19 26.43
0
159
538804.74 377012.90 52.16 26.96
538885.05 377004.79 52.16 26.46
538886.49 377019.26 52.16 26.61
538845.38 377023.47 52.16 26.86
538844.56 377016.84 52.16 26.84
538819.77 377019.26 52.16 26.90
538820.32 377026.26 52.16 26.87
538806.09 377027.70 52.16 26.81
538804.74 377012.90 52.16 26.96
0
160
538754.29 376915.88 52.16 26.17
538810.44 376909.78 52.16 26.40
538810.81 376903.13 52.16 26.42
538829.02 376899.96 52.16 26.75
538827.86 376889.89 52.16 26.83
538800.09 376895.04 52.16 26.47
538800.54 376902.57 52.16 26.36
538753.81 376907.64 52.16 26.11
538754.29 376915.88 52.16 26.17
0
161
538971.66 377162.17 39.02 26.48
539095.94 377150.63 39.02 26.29
539093.43 377133.81 39.02 26.31
538969.15 377145.35 39.02 26.47
538971.66 377162.17 39.02 26.48
0
162
539058.24 377180.26 39.02 26.21
539097.08 377176.55 39.02 26.16
539096.01 377164.82 39.02 26.14
539057.17 377168.53 39.02 26.15
539058.24 377180.26 39.02 26.21
0
163
538973.52 377190.63 39.02 26.38
539013.36 377184.48 39.02 26.34
539010.48 377174.31 39.02 26.28
538970.65 377180.47 39.02 26.33
538973.52 377190.63 39.02 26.38
0
164
539025.62 377180.14 39.02 26.25
539044.63 377177.85 39.02 26.26
539042.39 377171.89 39.02 26.29
539023.37 377174.18 39.02 26.23
539025.62 377180.14 39.02 26.25
0
165
539197.45 377193.73 41.41 26.38
539198.70 377202.14 41.41 26.15
539211.68 377200.35 41.41 26.17
539204.99 377125.60 41.41 26.94
539192.57 377126.73 41.41 26.81
539191.30 377134.17 41.41 26.81
539154.17 377137.98 41.41 26.63
539152.82 377131.23 41.41 26.73
539143.27 377133.21 41.41 26.59
539145.77 377150.03 41.41 26.28
539195.79 377146.10 41.41 26.67
539198.00 377183.75 41.41 26.52
539151.59 377184.54 41.41 26.23
539152.29 377202.93 41.41 26.23
539163.47 377202.71 41.41 26.25
539162.12 377195.96 41.41 26.30
539197.45 377193.73 41.41 26.38
0
166
538594.35 376904.62 49.17 26.92
538679.31 376920.95 49.17 27.14
538686.75 376879.65 49.17 25.71
538601.79 376863.32 49.17 26.38
538594.35 376904.62 49.17 26.92
0
167
538665.40 376955.22 51.56 26.81
538710.54 376961.86 51.56 27.08
538714.26 376941.21 51.56 27.06
538669.11 376934.57 51.56 27.05
538665.40 376955.22 51.56 26.81
0
168
538563.31 377031.36 45.59 26.12
538627.00 377044.03 45.59 26.30
538629.73 377025.83 45.59 26.48
538547.73 377009.83 45.59 26.25
538545.02 377020.35 45.59 26.16
538552.48 377022.28 45.59 26.16
538548.06 377043.04 45.59 26.09
538560.08 377045.43 45.59 26.19
538563.31 377031.36 45.59 26.12
0
169
539241.70 377356.30 50.37 28.54
539269.46 377351.15 50.37 28.61
539266.68 377339.32 50.37 28.26
539238.92 377344.47 50.37 28.26
539241.70 377356.30 50.37 28.54
0
170
539278.12 377349.96 50.37 28.53
539305.69 377348.13 50.37 28.34
539303.81 377335.52 50.37 28.18
539276.24 377337.34 50.37 28.24
539278.12 377349.96 50.37 28.53
0
171
539246.26 377395.00 45.59 29.37
539257.61 377394.71 45.59 29.32
539258.86 377403.12 45.59 29.50
539269.23 377402.02 45.59 29.51
539268.79 377394.48 45.59 29.40
539280.86 377393.48 45.59 29.19
539282.12 377401.89 45.59 29.44
539294.84 377400.78 45.59 29.34
539293.84 377391.69 45.59 29.15
539305.92 377390.68 45.59 29.21
539304.47 377378.12 45.59 28.95
539244.81 377380.80 45.59 29.09
539246.26 377395.00 45.59 29.37
0
172
539307.56 377376.59 42.90 28.92
539360.28 377370.30 42.90 28.71
539359.21 377358.57 42.90 28.52
539306.49 377364.85 42.90 28.57
539307.56 377376.59 42.90 28.92
0
173
539187.60 377387.53 42.90 29.27
539239.42 377382.03 42.90 29.19
539237.54 377369.42 42.90 28.85
539185.72 377374.92 42.90 29.10
539187.60 377387.53 42.90 29.27
0
174
538637.33 377074.62 52.76 26.27
538725.81 377089.48 52.76 26.55
538730.25 377071.38 52.76 26.50
538668.17 377060.47 52.76 26.29
538672.28 377040.86 52.76 26.52
538689.48 377043.83 52.76 26.65
538692.08 377031.75 52.76 26.58
538650.45 377023.63 52.76 26.35
538647.20 377035.96 52.76 26.32
538664.57 377039.48 52.76 26.43
538659.61 377060.00 52.76 26.21
538641.98 377057.04 52.76 26.38
538637.33 377074.62 52.76 26.27
0
175
538722.12 377000.86 52.76 26.87
538676.26 376991.68 52.76 26.72
538679.80 376974.36 52.76 26.81
538725.65 376983.54 52.76 26.98
538722.12 377000.86 52.76 26.87
0
176
538454.05 377066.25 44.69 25.78
538494.86 377073.49 44.69 25.81
538496.93 377063.40 44.69 25.91
538476.76 377059.15 44.69 25.80
538483.29 377017.54 44.69 26.10
538502.85 377022.21 44.69 26.07
538504.30 377011.45 44.69 26.19
538463.72 377000.54 44.69 26.09
538460.50 377011.55 44.69 26.13
538473.40 377015.36 44.69 26.07
538466.49 377058.59 44.69 25.86
538455.56 377056.65 44.69 25.76
538454.05 377066.25 44.69 25.78
0
177
538528.76 377143.74 38.12 25.68
538585.61 377156.03 38.12 25.71
538587.25 377141.94 38.12 26.01
538530.40 377129.65 38.12 25.81
538528.76 377143.74 38.12 25.68
0
178
538524.49 377174.37 38.12 25.68
538580.71 377182.46 38.12 25.63
538583.07 377170.91 38.12 25.60
538526.85 377162.82 38.12 25.68
538524.49 377174.37 38.12 25.68
0
179
538601.73 377159.42 38.12 25.91
538648.50 377167.82 38.12 25.90
538650.94 377154.61 38.12 25.90
538604.18 377146.21 38.12 26.00
538601.73 377159.42 38.12 25.91
0
180
538339.52 377056.64 37.82 25.50
538369.25 377062.44 37.82 25.64
538371.79 377047.56 37.82 25.62
538321.70 377037.31 37.82 25.53
538313.38 377063.55 37.82 25.40
538337.17 377068.19 37.82 25.46
538339.52 377056.64 37.82 25.50
0
181
538345.04 377034.42 37.82 25.54
538373.06 377040.13 37.82 25.57
538375.51 377026.91 37.82 25.59
538347.49 377021.21 37.82 25.57
538345.04 377034.42 37.82 25.54
0
182
538406.34 376935.18 45.89 26.11
538456.52 376943.77 45.89 26.28
538459.06 376928.90 45.89 26.33
538408.88 376920.31 45.89 26.17
538406.34 376935.18 45.89 26.11
0
183
538462.38 376946.60 42.60 26.27
538522.83 376955.75 42.60 26.50
538524.61 376944.59 42.60 26.57
538513.54 376942.41 42.60 26.55
538515.56 376931.99 42.60 26.50
538501.96 376929.58 42.60 26.49
538499.69 376939.47 42.60 26.45
538465.20 376934.25 42.60 26.32
538462.38 376946.60 42.60 26.27
0
184
538344.04 377130.28 42.00 25.52
538370.25 377137.56 42.00 25.50
538373.79 377120.24 42.00 25.43
538411.23 377128.13 42.00 25.54
538407.83 377141.29 42.00 25.58
538418.01 377143.51 42.00 25.51
538419.28 377136.08 42.00 25.52
538442.97 377142.38 42.00 25.56
538445.23 377132.49 42.00 25.67
538420.73 377125.31 42.00 25.46
538422.90 377117.09 42.00 25.53
538365.40 377106.71 42.00 25.52
538362.70 377118.80 42.00 25.48
538347.96 377114.68 42.00 25.44
538344.04 377130.28 42.00 25.52
0
185
538360.96 377150.40 38.42 25.58
538417.18 377158.48 38.42 25.57
538416.83 377149.29 38.42 25.51
538360.61 377141.20 38.42 25.52
538360.96 377150.40 38.42 25.58
0
186
538368.58 377183.34 33.34 25.52
538397.41 377189.93 33.34 25.56
538399.95 377175.05 33.34 25.48
538371.12 377168.47 33.34 25.50
538368.58 377183.34 33.34 25.52
0
187
538335.57 377128.15 47.68 25.48
538331.32 377142.93 47.68 25.43
538290.59 377134.03 47.68 25.22
538292.86 377124.14 47.68 25.28
538326.73 377132.67 47.68 25.35
538328.54 377126.38 47.68 25.36
538335.57 377128.15 47.68 25.48
0
188
538292.16 377124.15 47.68 25.28
538301.62 377090.77 47.68 25.38
538342.18 377101.82 47.68 25.44
538337.92 377116.60 47.68 25.45
538314.23 377110.30 47.68 25.43
538316.07 377104.72 47.68 25.43
538309.46 377103.37 47.68 25.35
538303.04 377126.37 47.68 25.31
538292.16 377124.15 47.68 25.28
0
189
538193.77 377196.54 28.86 24.76
538195.83 377186.39 28.86 24.78
538245.11 377195.76 28.86 25.11
538243.12 377204.98 28.86 25.09
538222.52 377201.55 28.86 25.08
538221.31 377206.97 28.86 25.12
538202.57 377204.27 28.86 24.87
538203.36 377198.41 28.86 24.92
538193.77 377196.54 28.86 24.76
0
190
538223.70 377241.30 28.86 25.21
538236.50 377242.83 28.86 25.14
538238.41 377223.75 28.86 25.09
538207.07 377220.01 28.86 25.02
538205.96 377229.28 28.86 25.00
538217.41 377230.94 28.86 25.16
538217.68 377225.96 28.86 25.11
538224.96 377226.87 28.86 25.18
538223.70 377241.30 28.86 25.21
0
191
538187.41 377136.72 33.04 24.82
538204.35 377140.98 33.04 24.96
538205.71 377131.88 33.04 24.93
538188.77 377127.62 33.04 24.92
538187.41 377136.72 33.04 24.82
0
192
538190.76 377122.72 33.04 24.94
538207.70 377126.98 33.04 24.95
538208.06 377120.33 33.04 24.96
538191.13 377116.07 33.04 24.99
538190.76 377122.72 33.04 24.94
0
193
538194.11 377108.72 33.04 25.00
538210.23 377112.11 33.04 24.97
538212.41 377103.89 33.04 24.92
538196.28 377100.50 33.04 24.96
538194.11 377108.72 33.04 25.00
0
194
538218.09 377094.19 34.53 25.00
538263.95 377103.38 34.53 25.21
538266.31 377091.83 34.53 25.29
538220.45 377082.64 34.53 24.94
538218.09 377094.19 34.53 25.00
0
195
538227.07 377040.47 36.63 25.21
538274.65 377049.75 36.63 25.26
538277.00 377038.20 36.63 25.28
538229.43 377028.92 36.63 25.15
538227.07 377040.47 36.63 25.21
0
196
538234.14 377005.82 36.63 25.14
538281.62 377016.76 36.63 25.28
538284.88 377004.43 36.63 25.42
538237.40 376993.49 36.63 25.19
538234.14 377005.82 36.63 25.14
0
197
538505.50 376818.84 51.27 27.12
538508.22 376800.64 51.27 27.29
538469.93 376794.37 51.27 27.09
538466.31 376813.36 51.27 27.10
538482.52 376815.08 51.27 27.12
538485.78 376802.75 51.27 27.24
538494.25 376804.88 51.27 27.25
538492.65 376815.60 51.27 27.14
538505.50 376818.84 51.27 27.12
0
198
538503.85 376848.78 46.78 27.07
538547.27 376855.33 46.78 27.11
538546.83 376847.80 46.78 27.14
538503.40 376841.25 46.78 27.09
538503.85 376848.78 46.78 27.07
0
199
538549.74 376826.27 46.78 27.13
538551.93 376802.20 46.78 27.38
538513.45 376799.26 46.78 27.36
538510.64 376819.12 46.78 27.16
538525.86 376823.29 46.78 27.10
538528.13 376813.41 46.78 27.24
538541.73 376815.82 46.78 27.22
538540.37 376824.92 46.78 27.18
538549.74 376826.27 46.78 27.13
0
200
538518.51 376785.35 46.78 27.50
538542.39 376788.33 46.78 27.52
538543.13 376775.03 46.78 27.65
538519.25 376772.05 46.78 27.62
538518.51 376785.35 46.78 27.50
0
201
539208.00 376940.74 47.08 27.53
539236.57 376936.47 47.08 27.59
539239.35 376948.30 47.08 27.46
539311.18 376938.06 47.08 27.92
539309.93 376929.65 47.08 27.87
539337.69 376924.50 47.08 27.80
539340.56 376934.66 47.08 27.76
539317.13 376939.22 47.08 27.98
539318.57 376944.30 47.08 27.99
539311.63 376945.59 47.08 27.94
539312.25 376949.79 47.08 27.92
539238.71 376959.94 47.08 27.51
539236.55 376952.32 47.08 27.46
539230.22 376953.01 47.08 27.51
539229.17 376946.07 47.08 27.51
539208.49 376949.17 47.08 27.59
539208.00 376940.74 47.08 27.53
0
202
539358.59 376934.82 47.08 27.72
539410.41 376929.31 47.08 27.44
539408.97 376924.23 47.08 27.46
539439.17 376921.71 47.08 27.22
539437.29 376909.10 47.08 27.22
539405.29 376913.19 47.08 27.51
539405.92 376917.39 47.08 27.50
539356.77 376922.61 47.08 27.63
539358.59 376934.82 47.08 27.72
0
203
539346.37 376985.03 47.08 27.97
539344.49 376972.41 47.08 27.96
539312.59 376976.74 47.08 27.93
539313.03 376982.36 47.08 27.98
539241.29 376990.95 47.08 27.51
539241.82 376996.81 47.08 27.54
539211.87 377000.68 47.08 27.44
539212.61 377012.73 47.08 27.42
539248.17 377009.45 47.08 27.58
539247.58 377001.30 47.08 27.60
539320.97 376992.70 47.08 27.91
539320.50 376986.94 47.08 27.95
539346.37 376985.03 47.08 27.97
0
204
539275.02 376877.69 45.89 27.89
539276.99 376888.64 45.89 27.85
539266.50 376890.60 45.89 27.78
539267.16 376895.61 45.89 27.83
539210.20 376900.83 45.89 27.56
539208.51 376884.89 45.89 27.55
539275.02 376877.69 45.89 27.89
0
205
539208.44 376870.70 45.89 27.50
539261.07 376866.08 45.89 27.97
539257.66 376850.05 45.89 27.85
539205.03 376854.67 45.89 27.53
539208.44 376870.70 45.89 27.50
0
206
539170.69 376776.88 41.41 27.46
539198.36 376773.40 41.41 27.80
539196.48 376760.78 41.41 27.53
539168.81 376764.27 41.41 27.41
539170.69 376776.88 41.41 27.46
0
207
539030.94 376757.55 41.41 27.38
539043.02 376756.54 41.41 27.38
539041.67 376749.80 41.41 27.32
539029.60 376750.80 41.41 27.41
539030.94 376757.55 41.41 27.38
0
208
538998.13 376760.76 41.41 27.65
539009.40 376758.87 41.41 27.57
539008.87 376753.00 41.41 27.55
538997.60 376754.89 41.41 27.66
538998.13 376760.76 41.41 27.65
0
209
538866.21 376966.43 47.08 26.39
538880.88 376964.71 47.08 26.42
538879.43 376951.10 47.08 26.53
538864.74 376952.79 47.08 26.50
538866.21 376966.43 47.08 26.39
0
210
538809.46 376971.57 47.08 26.43
538792.35 376973.02 47.08 26.71
538791.28 376961.28 47.08 26.49
538808.12 376959.76 47.08 26.39
538809.46 376971.57 47.08 26.43
0
211
538968.76 377267.14 42.30 26.59
539028.86 377261.23 42.30 26.54
539026.27 377246.07 42.30 26.36
538953.81 377252.11 42.30 26.64
538955.80 377279.60 42.30 26.78
538969.55 377278.00 42.30 26.74
538968.76 377267.14 42.30 26.59
0
212
538968.17 377302.94 42.30 27.30
539033.78 377296.53 42.30 27.24
539032.00 377282.25 42.30 26.97
538966.39 377288.67 42.30 27.02
538968.17 377302.94 42.30 27.30
0
213
539056.35 377261.07 42.30 26.58
539106.28 377258.80 42.30 26.59
539104.76 377239.53 42.30 26.34
539054.84 377241.80 42.30 26.43
539056.35 377261.07 42.30 26.58
0
214
538855.21 377342.63 45.29 27.97
538937.04 377337.94 45.29 27.97
538935.26 377323.66 45.29 27.69
538853.43 377328.35 45.29 27.71
538855.21 377342.63 45.29 27.97
0
215
538816.56 377669.15 45.59 36.27
538856.31 377664.65 45.59 36.69
538852.81 377650.28 45.59 36.33
538822.62 377652.79 45.59 36.03
538820.20 377634.31 45.59 35.49
538841.83 377631.33 45.59 35.83
538838.43 377615.29 45.59 35.37
538805.90 377618.97 45.59 34.88
538816.56 377669.15 45.59 36.27
0
216
538912.10 377649.36 45.59 36.72
538932.02 377646.28 45.59 36.72
538930.59 377641.20 45.59 36.56
538940.05 377640.88 45.59 36.59
538941.40 377647.63 45.59 36.83
538969.06 377644.14 45.59 36.75
538966.38 377630.65 45.59 36.42
538925.73 377635.92 45.59 36.33
538925.45 377640.91 45.59 36.46
538912.46 377642.92 45.59 36.52
538912.10 377649.36 45.59 36.72
0
217
539089.05 377798.76 50.37 41.67
539143.73 377793.00 50.37 41.58
539142.75 377779.60 50.37 41.17
539087.41 377786.58 50.37 41.33
539088.15 377793.03 50.37 41.55
539075.97 377793.93 50.37 41.47
539078.48 377811.13 50.37 42.08
539090.84 377809.51 50.37 42.06
539089.05 377798.76 50.37 41.67
0
218
539489.35 377598.41 43.80 33.20
539530.72 377595.67 43.80 32.92
539528.75 377584.72 43.80 32.70
539487.38 377587.46 43.80 33.14
539489.35 377598.41 43.80 33.20
0
219
539485.33 377562.33 43.80 32.40
539525.89 377558.71 43.80 32.16
539523.11 377546.88 43.80 31.95
539482.55 377550.50 43.80 32.23
539485.33 377562.33 43.80 32.40
0
220
539480.60 377523.70 43.80 31.61
539522.06 377519.30 43.80 31.28
539520.18 377506.68 43.80 30.99
539478.72 377511.08 43.80 31.31
539480.60 377523.70 43.80 31.61
0
221
539475.06 377484.19 43.80 30.69
539519.13 377479.10 43.80 30.43
539517.06 377469.81 43.80 30.25
539472.99 377474.91 43.80 30.54
539475.06 377484.19 43.80 30.69
0
222
539469.86 377453.88 43.80 30.08
539514.83 377448.00 43.80 29.80
539513.67 377437.93 43.80 29.48
539468.70 377443.81 43.80 29.96
539469.86 377453.88 43.80 30.08
0
223
539531.33 377444.74 43.80 29.53
539572.79 377440.34 43.80 29.29
539570.72 377431.05 43.80 29.17
539529.27 377435.45 43.80 29.44
539531.33 377444.74 43.80 29.53
0
224
539528.75 377413.73 43.80 29.08
539569.31 377410.12 43.80 28.84
539568.05 377401.71 43.80 28.57
539527.50 377405.33 43.80 28.85
539528.75 377413.73 43.80 29.08
0
225
539537.15 377479.25 43.80 30.23
539576.90 377474.76 43.80 29.95
539574.02 377464.59 43.80 29.77
539534.28 377469.09 43.80 30.06
539537.15 377479.25 43.80 30.23
0
226
539323.48 377570.14 47.98 33.38
539361.42 377567.21 47.98 33.10
539360.17 377558.80 47.98 32.98
539322.23 377561.73 47.98 33.20
539323.48 377570.14 47.98 33.38
0
227
539327.31 377609.55 47.98 34.45
539365.34 377604.96 47.98 34.04
539364.09 377596.55 47.98 33.74
539326.06 377601.14 47.98 34.17
539327.31 377609.55 47.98 34.45
0
228
539234.12 377617.79 47.98 35.21
539274.68 377614.17 47.98 34.86
539272.61 377604.89 47.98 34.56
539232.06 377608.50 47.98 35.03
539234.12 377617.79 47.98 35.21
0
229
539285.23 377609.75 47.98 34.72
539315.42 377607.23 47.98 34.31
539314.07 377600.48 47.98 34.21
539283.88 377603.00 47.98 34.52
539285.23 377609.75 47.98 34.72
0
230
539233.71 377578.57 47.98 34.08
539269.04 377576.33 47.98 33.89
539266.98 377567.04 47.98 33.58
539231.65 377569.28 47.98 33.77
539233.71 377578.57 47.98 34.08
0
231
539537.09 377697.78 41.70 35.40
539575.13 377693.20 41.70 35.11
539574.06 377681.46 41.70 34.70
539536.03 377686.05 41.70 35.12
539537.09 377697.78 41.70 35.40
0
232
539628.92 377698.65 54.85 34.75
539684.17 377693.33 54.85 34.09
539682.10 377684.04 54.85 33.88
539626.86 377689.36 54.85 34.42
539628.92 377698.65 54.85 34.75
0
233
539700.57 377691.73 54.85 33.88
539755.10 377683.87 54.85 32.22
539755.63 377689.74 54.85 32.02
539771.22 377687.26 54.85 31.93
539768.72 377670.44 54.85 32.15
539698.90 377680.50 54.85 33.58
539700.57 377691.73 54.85 33.88
0
234
539738.19 377818.90 60.83 36.62
539773.52 377816.67 60.83 37.13
539773.17 377807.47 60.83 37.70
539737.84 377809.71 60.83 37.38
539738.19 377818.90 60.83 36.62
0
235
539688.08 377824.50 60.83 38.83
539723.50 377820.60 60.83 37.87
539721.44 377811.31 60.83 37.29
539686.02 377815.21 60.83 37.96
539688.08 377824.50 60.83 38.83
0
236
539645.81 377828.02 60.83 39.04
539676.91 377824.72 60.83 38.91
539674.84 377815.43 60.83 38.04
539643.75 377818.73 60.83 38.51
539645.81 377828.02 60.83 39.04
0
237
539736.54 377848.84 60.53 44.32
539777.99 377844.44 60.53 44.77
539776.74 377836.03 60.53 40.64
539735.28 377840.43 60.53 42.19
539736.54 377848.84 60.53 44.32
0
238
539740.83 377879.94 60.53 55.58
539777.06 377876.92 60.53 58.62
539776.71 377867.72 60.53 55.15
539740.48 377870.74 60.53 51.03
539740.83 377879.94 60.53 55.58
0
239
539693.42 377883.18 60.53 54.84
539729.65 377880.16 60.53 53.69
539728.49 377870.09 60.53 51.29
539692.26 377873.10 60.53 51.25
539693.42 377883.18 60.53 54.84
0
240
539646.92 377885.63 60.53 52.65
539683.15 377882.61 60.53 51.28
539681.90 377874.21 60.53 49.21
539645.67 377877.22 60.53 51.12
539646.92 377885.63 60.53 52.65
0
241
539645.15 377855.51 60.53 46.77
539681.38 377852.49 60.53 46.04
539680.13 377844.08 60.53 42.47
539643.90 377847.10 60.53 46.44
539645.15 377855.51 60.53 46.77
0
242
539152.34 377745.93 53.66 40.21
539147.50 377724.81 53.66 39.70
539161.38 377722.24 53.66 39.32
539166.22 377743.35 53.66 40.14
539152.34 377745.93 53.66 40.21
0
243
539121.95 377845.19 56.34 43.29
539143.58 377842.21 56.34 43.19
539140.90 377828.71 56.34 42.77
539127.11 377829.63 56.34 42.73
539124.23 377819.46 56.34 42.42
539086.20 377824.05 56.34 42.51
539088.08 377836.66 56.34 42.90
539117.37 377834.93 56.34 42.89
539121.95 377845.19 56.34 43.29
0
244
539098.39 377883.10 54.55 46.13
539194.29 377872.51 54.55 44.85
539193.22 377860.77 54.55 44.06
539097.32 377871.37 54.55 44.77
539098.39 377883.10 54.55 46.13
0
245
539096.83 377911.38 54.55 54.64
539196.96 377901.85 54.55 50.56
539194.90 377892.56 54.55 50.43
539094.77 377902.09 54.55 51.87
539096.83 377911.38 54.55 54.64
0
246
539658.14 377092.19 34.83 26.78
539670.44 377092.15 34.83 26.60
539672.54 377111.33 34.83 26.78
539701.03 377109.11 34.83 26.54
539699.60 377087.79 34.83 26.46
539711.78 377086.38 34.83 26.40
539709.98 377070.84 34.83 26.22
539656.60 377075.29 34.83 26.68
539658.14 377092.19 34.83 26.78
0
247
539756.19 377089.22 34.83 26.03
539814.86 377084.10 34.83 26.58
539813.89 377070.70 34.83 26.48
539755.21 377075.82 34.83 25.86
539756.19 377089.22 34.83 26.03
0
248
539760.05 377190.36 46.78 26.66
539779.97 377187.28 46.78 26.52
539780.59 377191.48 46.78 26.49
539774.55 377191.99 46.78 26.53
539775.57 377201.23 46.78 26.56
539789.59 377199.48 46.78 26.45
539788.25 377192.74 46.78 26.46
539815.02 377190.03 46.78 26.26
539815.55 377195.90 46.78 26.31
539828.06 377194.76 46.78 26.10
539827.19 377187.37 46.78 26.10
539822.05 377187.08 46.78 26.18
539821.42 377182.88 46.78 26.18
539843.61 377180.74 46.78 26.00
539841.89 377169.82 46.78 25.95
539819.45 377171.93 46.78 26.15
539819.18 377176.92 46.78 26.18
539780.33 377180.63 46.78 26.51
539779.71 377176.42 46.78 26.45
539758.46 377179.71 46.78 26.52
539760.05 377190.36 46.78 26.66
0
249
539753.62 377135.79 46.78 26.29
539774.35 377133.59 46.78 26.30
539774.07 377138.58 46.78 26.34
539768.84 377139.96 46.78 26.36
539770.42 377149.83 46.78 26.41
539782.92 377148.39 46.78 26.27
539781.73 377139.83 46.78 26.30
539809.31 377138.01 46.78 25.91
539808.94 377144.66 46.78 26.00
539823.54 377144.63 46.78 25.98
539823.19 377135.43 46.78 26.01
539817.24 377134.27 46.78 25.90
539816.61 377130.07 46.78 25.87
539836.44 377128.65 46.78 26.38
539835.46 377115.25 46.78 26.97
539812.12 377118.15 46.78 26.00
539812.75 377122.35 46.78 25.94
539773.00 377126.84 46.78 26.21
539772.47 377120.98 46.78 26.13
539750.84 377123.96 46.78 26.35
539753.62 377135.79 46.78 26.29
0
250
539767.45 377258.33 42.60 27.09
539808.91 377253.93 42.60 26.70
539808.04 377245.05 42.60 26.61
539801.62 377246.02 42.60 26.73
539800.37 377237.61 42.60 26.58
539764.93 377241.37 42.60 26.99
539767.45 377258.33 42.60 27.09
0
251
539679.38 377205.12 46.48 27.38
539698.40 377202.83 46.48 27.20
539699.83 377207.91 46.48 27.24
539711.31 377206.18 46.48 27.12
539710.13 377196.05 46.48 27.11
539723.82 377193.38 46.48 26.98
539721.96 377181.45 46.48 26.87
539703.73 377183.94 46.48 27.05
539704.36 377188.14 46.48 27.12
539673.27 377191.44 46.48 27.43
539672.64 377187.24 46.48 27.44
539654.52 377188.75 46.48 27.40
539656.49 377199.70 46.48 27.49
539671.09 377199.66 46.48 27.47
539672.25 377209.74 46.48 27.43
539679.80 377208.83 46.48 27.39
539679.38 377205.12 46.48 27.38
0
252
539665.81 377248.59 40.81 27.70
539722.86 377241.70 40.81 27.41
539720.18 377228.21 40.81 27.24
539663.13 377235.09 40.81 27.65
539665.81 377248.59 40.81 27.70
0
253
539620.92 377097.66 36.63 27.07
539645.88 377096.52 36.63 26.86
539644.19 377080.58 36.63 26.80
539619.22 377081.72 36.63 26.99
539620.92 377097.66 36.63 27.07
0
254
539623.52 377112.81 36.63 27.20
539647.67 377110.80 36.63 27.00
539646.42 377102.39 36.63 26.94
539622.26 377104.41 36.63 27.18
539623.52 377112.81 36.63 27.20
0
255
539353.84 377160.59 38.42 27.21
539357.69 377184.16 38.42 27.18
539347.32 377185.26 38.42 27.10
539345.17 377177.64 38.42 27.11
539303.62 377183.70 38.42 26.75
539297.56 377122.48 38.42 27.37
539335.50 377119.55 38.42 27.55
539335.96 377111.24 38.42 27.63
539348.85 377111.11 38.42 27.81
539349.99 377137.03 38.42 27.61
539310.33 377139.86 38.42 27.27
539313.19 377165.87 38.42 26.97
539353.84 377160.59 38.42 27.21
0
256
539382.83 377102.13 50.97 28.26
539432.94 377096.53 50.97 28.46
539435.44 377113.35 50.97 28.59
539385.33 377118.95 50.97 28.42
539382.83 377102.13 50.97 28.26
0
257
539390.99 377140.94 43.80 28.19
539412.53 377139.62 43.80 28.46
539410.74 377125.34 43.80 28.54
539389.20 377126.67 43.80 28.37
539390.99 377140.94 43.80 28.19
0
258
539111.19 377294.10 41.41 27.25
539059.28 377301.26 41.41 27.47
539058.21 377291.46 41.41 27.21
539109.96 377284.37 41.41 27.14
539111.19 377294.10 41.41 27.25
0
259
538836.15 377221.48 52.76 25.96
538861.20 377218.68 52.76 26.27
538859.51 377202.74 52.76 26.21
538834.45 377205.53 52.76 26.29
538836.15 377221.48 52.76 25.96
0
260
538867.48 377244.88 48.88 26.28
538902.00 377241.77 48.88 26.24
538901.49 377228.28 48.88 26.21
538889.85 377228.59 48.88 26.17
538889.78 377214.41 48.88 26.11
538900.95 377214.18 48.88 26.17
538900.50 377201.87 48.88 26.23
538877.53 377202.89 48.88 26.18
538878.07 377208.76 48.88 26.16
538860.14 377210.34 48.88 26.28
538860.64 377218.81 48.88 26.27
538878.32 377219.62 48.88 26.19
538878.57 377228.78 48.88 26.18
538854.66 377231.77 48.88 26.26
538854.16 377219.31 48.88 26.19
538842.70 377220.81 48.88 26.13
538844.07 377233.59 48.88 25.88
538819.01 377236.38 48.88 26.03
538817.94 377224.65 48.88 26.00
538836.23 377221.80 48.88 25.96
538834.90 377213.07 48.88 26.18
538817.59 377215.45 48.88 25.98
538816.25 377208.71 48.88 26.00
538793.71 377212.48 48.88 26.00
538795.69 377223.43 48.88 26.03
538808.66 377221.64 48.88 25.89
538811.17 377238.46 48.88 25.96
538801.71 377238.77 48.88 25.95
538802.84 377251.20 48.88 25.98
538867.48 377244.88 48.88 26.28
0
261
538205.32 377402.94 38.72 27.08
538260.56 377413.47 38.72 27.71
538261.11 377403.49 38.72 27.58
538205.88 377392.96 38.72 27.02
538205.32 377402.94 38.72 27.08
0
262
538235.81 377379.59 38.72 27.18
538265.54 377385.39 38.72 27.13
538267.81 377375.50 38.72 26.96
538238.07 377369.70 38.72 26.87
538235.81 377379.59 38.72 27.18
0
263
538293.82 377401.95 41.70 27.29
538397.71 377417.65 41.70 26.20
538398.44 377404.35 41.70 25.94
538294.56 377388.65 41.70 26.95
538293.82 377401.95 41.70 27.29
0
264
538448.44 377587.25 44.99 30.31
538514.14 377579.17 44.99 28.14
538511.36 377567.34 44.99 27.72
538445.66 377575.42 44.99 29.87
538448.44 377587.25 44.99 30.31
0
265
538547.09 377526.76 44.99 26.57
538570.43 377523.87 44.99 26.87
538571.78 377530.62 44.99 26.94
538585.66 377528.04 44.99 27.39
538585.21 377520.51 44.99 27.10
538580.13 377520.24 44.99 27.00
538579.64 377516.76 44.99 26.96
538601.89 377513.92 44.99 27.61
538599.56 377501.31 44.99 27.15
538571.66 377504.30 44.99 26.57
538572.66 377509.28 44.99 26.63
538539.27 377512.99 44.99 26.51
538538.78 377507.29 44.99 26.50
538512.77 377510.70 44.99 26.47
538514.65 377523.32 44.99 26.49
538537.09 377521.21 44.99 26.48
538536.91 377524.54 44.99 26.52
538529.16 377524.95 44.99 26.52
538531.22 377534.23 44.99 26.67
538548.28 377532.12 44.99 26.64
538547.09 377526.76 44.99 26.57
0
266
538543.53 377482.36 42.30 26.43
538597.16 377475.29 42.30 26.46
538596.09 377463.55 42.30 26.25
538542.46 377470.63 42.30 26.26
538543.53 377482.36 42.30 26.43
0
267
538620.87 377465.75 42.30 26.70
538729.74 377453.36 42.30 30.18
538726.15 377440.65 42.30 29.76
538617.28 377453.04 42.30 26.28
538620.87 377465.75 42.30 26.70
0
268
538508.05 377378.66 46.48 25.96
538610.88 377366.78 46.48 25.84
538609.01 377354.16 46.48 25.84
538506.17 377366.04 46.48 25.88
538508.05 377378.66 46.48 25.96
0
269
538512.74 377293.84 46.48 25.76
538505.11 377260.89 46.48 25.79
538559.55 377254.70 46.48 25.72
538567.17 377287.65 46.48 25.67
538512.74 377293.84 46.48 25.76
0
270
538508.93 377316.15 41.41 25.80
538560.75 377310.65 41.41 25.78
538557.34 377294.61 41.41 25.79
538505.52 377300.11 41.41 25.86
538508.93 377316.15 41.41 25.80
0
271
538633.91 377571.56 43.20 31.69
538668.43 377568.44 43.20 32.26
538666.37 377559.16 43.20 32.00
538631.85 377562.27 43.20 31.61
538633.91 377571.56 43.20 31.69
0
272
538680.60 377565.77 43.20 32.25
538716.92 377561.09 43.20 32.59
538713.95 377552.59 43.20 32.27
538677.63 377557.27 43.20 32.07
538680.60 377565.77 43.20 32.25
0
273
538628.99 377536.26 43.20 30.97
538665.22 377533.24 43.20 31.24
538664.78 377525.71 43.20 31.15
538628.55 377528.72 43.20 30.10
538628.99 377536.26 43.20 30.97
0
274
538676.40 377533.01 43.20 31.46
538700.55 377531.00 43.20 31.79
538699.21 377524.26 43.20 31.58
538675.05 377526.27 43.20 31.28
538676.40 377533.01 43.20 31.46
0
275
538714.43 377528.42 43.20 31.93
538735.97 377527.10 43.20 32.13
538735.53 377519.57 43.20 31.94
538713.99 377520.89 43.20 31.75
538714.43 377528.42 43.20 31.93
0
276
538807.21 377434.84 43.20 30.28
538804.94 377413.28 43.20 29.67
538796.08 377414.10 43.20 29.64
538794.41 377401.85 43.20 29.27
538843.80 377393.72 43.20 29.39
538841.15 377380.34 43.20 29.04
538783.88 377390.44 43.20 28.87
538789.26 377437.15 43.20 30.15
538807.21 377434.84 43.20 30.28
0
277
539024.95 377399.21 45.89 29.68
539021.44 377380.10 45.89 29.29
538996.87 377381.40 45.89 29.28
538995.59 377366.17 45.89 28.88
539049.03 377362.42 45.89 28.81
539050.70 377375.97 45.89 29.05
539032.70 377378.21 45.89 29.07
539037.35 377397.47 45.89 29.54
539024.95 377399.21 45.89 29.68
0
278
539007.36 377431.50 51.27 30.65
539057.52 377426.28 51.27 30.36
539056.14 377418.45 51.27 30.03
539006.16 377423.47 51.27 30.36
539007.36 377431.50 51.27 30.65
0
279
539067.89 377425.18 51.27 30.37
539108.53 377419.90 51.27 30.16
539107.25 377408.43 51.27 29.93
539090.47 377409.90 51.27 29.91
539090.79 377414.76 51.27 30.04
539067.32 377417.75 51.27 30.11
539067.89 377425.18 51.27 30.37
0
280
538521.63 377567.91 44.58 27.67
538541.46 377566.49 44.58 27.64
538542.09 377570.70 44.58 27.86
538535.15 377571.98 44.58 27.83
538535.59 377579.52 44.58 28.19
538550.28 377577.82 44.58 28.41
538548.94 377571.07 44.58 27.89
538576.60 377567.58 44.58 28.38
538577.05 377575.11 44.58 29.34
538591.74 377573.42 44.58 30.16
538589.58 377565.79 44.58 29.63
538584.44 377565.51 44.58 28.67
538583.82 377561.30 44.58 28.38
538607.16 377558.41 44.58 30.36
538605.19 377547.46 44.58 29.11
538576.71 377550.07 44.58 27.55
538575.53 377555.85 44.58 27.96
538544.53 377557.48 44.58 27.09
538544.00 377551.62 44.58 26.93
538518.85 377556.08 44.58 27.02
538521.63 377567.91 44.58 27.67
0
281
538891.56 377648.23 41.89 36.53
538887.99 377619.68 41.89 35.70
538902.68 377617.98 41.89 35.62
538906.25 377646.53 41.89 36.68
538891.56 377648.23 41.89 36.53
0
282
538658.17 377723.02 42.48 33.92
538692.69 377719.91 42.48 34.90
538690.81 377707.29 42.48 34.71
538656.29 377710.41 42.48 33.81
538658.17 377723.02 42.48 33.92
0
283
539184.60 377581.71 41.89 34.46
539190.81 377581.18 41.89 34.36
539191.88 377590.45 41.89 34.57
539198.48 377590.27 41.89 34.62
539197.59 377580.46 41.89 34.24
539207.04 377579.61 41.89 34.18
539207.39 377588.80 41.89 34.51
539213.43 377588.30 41.89 34.49
539212.27 377578.22 41.89 34.18
539218.46 377577.97 41.89 34.13
539217.77 377571.85 41.89 33.97
539183.85 377575.65 41.89 34.30
539184.60 377581.71 41.89 34.46
0
284
539181.48 377544.84 41.89 33.32
539187.52 377544.34 41.89 33.21
539189.20 377552.64 41.89 33.51
539195.71 377551.46 41.89 33.49
539194.56 377543.72 41.89 33.18
539202.21 377542.64 41.89 33.14
539204.19 377551.03 41.89 33.51
539210.43 377549.96 41.89 33.38
539209.15 377541.35 41.89 33.15
539214.35 377540.69 41.89 33.16
539213.75 377535.77 41.89 32.97
539180.86 377540.64 41.89 33.18
539181.48 377544.84 41.89 33.32
0
285
539177.79 377506.44 41.89 32.26
539183.32 377506.08 41.89 32.23
539184.85 377515.00 41.89 32.39
539190.28 377514.47 41.89 32.44
539189.56 377504.84 41.89 32.23
539197.48 377504.01 41.89 32.19
539198.30 377513.58 41.89 32.38
539203.87 377512.71 41.89 32.30
539203.52 377503.51 41.89 32.15
539209.72 377502.69 41.89 32.01
539209.02 377497.14 41.89 31.90
539177.02 377501.23 41.89 32.10
539177.79 377506.44 41.89 32.26
0
286
539172.73 377470.13 41.89 31.38
539206.51 377466.84 41.89 31.24
539207.04 377472.55 41.89 31.29
539200.03 377473.29 41.89 31.29
539200.98 377481.83 41.89 31.46
539194.20 377482.36 41.89 31.46
539193.49 377473.80 41.89 31.31
539186.17 377474.33 41.89 31.34
539187.50 377482.61 41.89 31.57
539181.46 377483.12 41.89 31.66
539180.21 377474.71 41.89 31.49
539173.33 377475.23 41.89 31.57
539172.73 377470.13 41.89 31.38
0
287
539189.56 377612.57 41.89 35.34
539221.69 377609.60 41.89 35.03
539222.20 377616.49 41.89 35.34
539215.29 377616.76 41.89 35.33
539216.85 377625.59 41.89 35.59
539211.50 377626.66 41.89 35.69
539210.06 377618.14 41.89 35.32
539199.70 377619.24 41.89 35.63
539200.98 377628.09 41.89 35.79
539196.16 377628.45 41.89 35.89
539195.37 377619.84 41.89 35.64
539190.23 377619.56 41.89 35.65
539189.56 377612.57 41.89 35.34
0
288
539410.63 377639.97 41.59 34.80
539409.85 377632.01 41.59 34.59
539379.91 377636.62 41.59 34.81
539381.13 377643.78 41.59 35.04
539385.41 377643.43 41.59 34.90
539386.84 377652.35 41.59 35.31
539392.19 377651.46 41.59 35.18
539391.12 377642.00 41.59 34.80
539399.32 377641.11 41.59 34.90
539400.57 377650.92 41.59 35.16
539406.28 377649.85 41.59 35.08
539405.39 377640.75 41.59 34.83
539410.63 377639.97 41.59 34.80
0
289
539334.12 377641.62 41.59 35.39
539367.83 377637.63 41.59 34.99
539369.99 377645.25 41.59 35.22
539358.72 377647.14 41.59 35.31
539360.06 377653.89 41.59 35.39
539354.84 377655.27 41.59 35.48
539352.77 377645.98 41.59 35.34
539345.83 377647.27 41.59 35.39
539347.09 377655.68 41.59 35.67
539341.05 377656.18 41.59 35.71
539338.98 377646.89 41.59 35.50
539334.12 377641.62 41.59 35.39
0
290
539287.84 377648.42 41.59 35.81
539322.05 377642.63 41.59 35.52
539323.16 377648.78 41.59 35.67
539314.42 377650.38 41.59 35.65
539316.80 377659.85 41.59 35.96
539309.86 377661.14 41.59 36.10
539307.82 377652.17 41.59 35.73
539299.44 377653.77 41.59 36.08
539302.02 377663.22 41.59 36.29
539295.51 377664.30 41.59 36.36
539293.73 377655.02 41.59 36.15
539288.69 377655.81 41.59 36.13
539287.84 377648.42 41.59 35.81
0
291
538829.14 377446.63 42.19 30.82
538794.04 377450.73 42.19 30.59
538792.20 377441.77 42.19 30.25
538827.63 377437.87 42.19 30.52
538829.14 377446.63 42.19 30.82
0
292
539062.16 377466.57 42.48 31.60
539109.66 377461.67 42.48 31.27
539111.45 377475.95 42.48 31.57
539129.56 377474.44 42.48 31.53
539126.03 377446.92 42.48 30.80
539060.38 377452.29 42.48 30.99
539062.16 377466.57 42.48 31.60
0
293
539055.94 377470.40 42.48 31.65
539054.16 377456.13 42.48 31.21
539043.79 377457.22 42.48 31.21
539045.58 377471.50 42.48 31.65
539055.94 377470.40 42.48 31.65
0
294
539075.55 377504.01 42.48 32.59
539129.99 377497.81 42.48 32.07
539128.11 377485.20 42.48 31.81
539073.67 377491.39 42.48 32.14
539075.55 377504.01 42.48 32.59
0
295
538928.65 377520.98 56.82 33.24
538955.41 377518.28 56.82 33.27
538954.34 377506.54 56.82 32.80
538927.57 377509.24 56.82 32.88
538928.65 377520.98 56.82 33.24
0
296
539020.86 377499.34 56.82 32.52
539018.00 377473.33 56.82 31.72
539026.65 377472.13 56.82 31.76
539029.51 377498.15 56.82 32.47
539020.86 377499.34 56.82 32.52
0
297
539320.18 377536.59 40.99 32.47
539357.31 377532.79 40.99 32.13
539355.34 377521.84 40.99 31.86
539318.21 377525.64 40.99 32.19
539320.18 377536.59 40.99 32.47
0
298
539417.75 377480.22 40.99 30.78
539453.97 377477.20 40.99 30.83
539454.20 377482.09 40.99 30.87
539445.91 377483.13 40.99 30.86
539446.80 377490.38 40.99 30.98
539440.58 377490.97 40.99 30.98
539439.98 377484.31 40.99 30.88
539431.40 377484.75 40.99 30.88
539431.69 377491.27 40.99 30.99
539425.92 377491.42 40.99 30.96
539425.22 377484.80 40.99 30.92
539418.06 377485.50 40.99 30.90
539417.75 377480.22 40.99 30.78
0
299
539415.55 377447.43 40.99 30.17
539449.17 377444.32 40.99 30.15
539449.50 377449.43 40.99 30.19
539441.75 377449.84 40.99 30.22
539443.00 377458.25 40.99 30.33
539436.96 377458.75 40.99 30.32
539434.81 377451.13 40.99 30.26
539428.77 377451.63 40.99 30.23
539429.21 377459.16 40.99 30.32
539421.46 377459.57 40.99 30.34
539421.02 377452.04 40.99 30.22
539415.70 377452.47 40.99 30.26
539415.55 377447.43 40.99 30.17
0
300
539415.55 377518.52 40.99 31.58
539450.24 377513.69 40.99 31.36
539451.68 377518.78 40.99 31.57
539442.65 377520.30 40.99 31.48
539443.54 377525.19 40.99 31.61
539436.28 377526.22 40.99 31.63
539435.54 377522.08 40.99 31.56
539429.15 377522.55 40.99 31.61
539429.32 377526.97 40.99 31.66
539422.21 377527.71 40.99 31.80
539421.39 377522.96 40.99 31.68
539416.44 377523.26 40.99 31.71
539415.55 377518.52 40.99 31.58
0
301
539409.35 377414.70 40.99 29.71
539483.53 377406.70 40.99 29.10
539484.14 377412.96 40.99 29.33
539472.07 377413.96 40.99 29.39
539472.57 377420.33 40.99 29.54
539466.35 377420.77 40.99 29.59
539465.22 377413.59 40.99 29.37
539458.80 377414.26 40.99 29.33
539459.83 377421.66 40.99 29.50
539453.31 377422.25 40.99 29.57
539452.13 377415.29 40.99 29.37
539433.22 377417.67 40.99 29.61
539433.76 377423.54 40.99 29.80
539427.72 377424.05 40.99 29.88
539427.25 377418.85 40.99 29.75
539420.24 377419.47 40.99 29.82
539420.73 377425.36 40.99 29.90
539414.74 377425.84 40.99 29.92
539414.21 377419.97 40.99 29.83
539409.48 377420.03 40.99 29.74
539409.35 377414.70 40.99 29.71
0
302
539054.68 377306.85 40.99 27.60
539057.81 377327.87 40.99 27.93
539001.57 377335.64 40.99 28.22
539000.31 377327.23 40.99 27.92
539047.00 377321.44 40.99 27.80
539045.49 377308.36 40.99 27.47
539054.68 377306.85 40.99 27.60
0
303
538996.43 377335.35 40.99 28.15
538966.96 377340.41 40.99 28.16
538966.52 377332.88 40.99 27.94
538995.99 377327.82 40.99 27.88
538996.43 377335.35 40.99 28.15
0
304
539064.75 377326.59 40.99 27.94
539125.22 377319.89 40.99 27.84
539123.95 377309.62 40.99 27.72
539063.22 377316.29 40.99 27.77
539064.75 377326.59 40.99 27.94
0
305
539078.85 377366.56 40.99 28.86
539090.98 377365.54 40.99 28.88
539091.45 377387.27 40.99 29.39
539081.38 377388.49 40.99 29.39
539082.24 377398.44 40.99 29.58
539115.05 377395.24 40.99 29.48
539116.39 377401.98 40.99 29.65
539126.76 377400.88 40.99 29.59
539126.03 377394.13 40.99 29.51
539139.81 377393.29 40.99 29.48
539138.76 377385.15 40.99 29.39
539104.33 377387.14 40.99 29.24
539103.70 377364.29 40.99 28.80
539133.13 377361.16 40.99 28.64
539132.04 377351.96 40.99 28.51
539077.60 377358.15 40.99 28.60
539078.85 377366.56 40.99 28.86
0
306
538803.26 376884.37 45.17 26.59
538818.76 376883.55 45.17 26.87
538817.60 376873.48 45.17 26.99
538802.10 376874.29 45.17 26.71
538803.26 376884.37 45.17 26.59
0
307
538801.56 376868.43 45.17 26.75
538817.16 376865.95 45.17 27.08
538815.91 376857.53 45.17 27.06
538800.31 376860.02 45.17 26.84
538801.56 376868.43 45.17 26.75
0
308
538784.69 376894.19 45.17 26.22
538797.67 376892.40 45.17 26.46
538797.31 376883.21 45.17 26.58
538784.34 376885.00 45.17 26.42
538784.69 376894.19 45.17 26.22
0
309
538782.09 376879.04 45.17 26.43
538796.87 376875.68 45.17 26.68
538794.72 376868.05 45.17 26.77
538779.94 376871.41 45.17 26.42
538782.09 376879.04 45.17 26.43
0
310
538780.40 376863.10 45.17 26.57
538793.46 376859.64 45.17 26.81
538792.21 376851.23 45.17 26.92
538779.14 376854.69 45.17 26.80
538780.40 376863.10 45.17 26.57
0
311
538589.32 377057.81 40.99 26.12
538563.91 377051.42 40.99 26.13
538566.91 377038.69 40.99 26.09
538593.20 377045.41 40.99 26.26
538589.32 377057.81 40.99 26.12
0
312
538542.34 377084.43 45.47 26.03
538609.46 377097.29 45.47 25.99
538612.81 377083.29 45.47 25.94
538545.69 377070.44 45.47 26.06
538542.34 377084.43 45.47 26.03
0
313
538632.42 377116.89 45.47 25.98
538661.34 377121.82 45.47 26.09
538660.81 377115.95 45.47 26.17
538631.89 377111.03 45.47 25.96
538632.42 377116.89 45.47 25.98
0
314
538579.53 376939.67 42.78 26.79
538617.83 376945.94 42.78 26.79
538618.71 376941.23 42.78 26.84
538635.13 376943.55 42.78 26.87
538637.76 376927.01 42.78 26.93
538561.09 376916.14 42.78 26.75
538555.25 376941.03 42.78 26.61
538563.04 376942.94 42.78 26.56
538565.30 376933.05 42.78 26.59
538579.76 376935.50 42.78 26.83
538579.53 376939.67 42.78 26.79
0
315
539429.24 377631.29 41.67 34.40
539463.51 377628.52 42.77 34.10
539463.59 377634.39 42.75 34.23
539454.77 377635.59 42.49 34.25
539455.00 377641.07 42.49 34.36
539449.99 377641.31 42.35 34.38
539449.76 377635.59 42.28 34.22
539440.02 377636.41 41.99 34.39
539440.69 377642.27 42.06 34.53
539434.96 377642.75 41.85 34.58
539434.01 377636.92 41.79 34.50
539429.70 377637.53 41.64 34.52
539429.24 377631.29 41.67 34.40
0
316
539473.85 377627.24 43.17 34.06
539503.05 377623.98 44.10 33.67
539502.77 377628.96 44.10 33.78
539494.17 377630.16 43.81 33.96
539494.70 377636.01 43.85 34.02
539488.69 377636.52 43.64 34.06
539487.69 377630.58 43.58 33.99
539482.16 377631.18 43.40 34.04
539482.69 377637.03 43.44 34.16
539477.58 377636.76 43.26 34.28
539476.96 377632.57 43.23 34.16
539474.33 377632.48 43.23 34.19
539473.85 377627.24 43.17 34.06
0
317
539377.70 377597.17 39.81 33.77
539406.09 377595.27 40.73 33.53
539406.97 377600.53 40.74 33.62
539399.25 377600.95 40.48 33.77
539400.13 377606.48 40.57 33.89
539395.60 377606.72 40.40 33.91
539394.95 377601.55 40.33 33.83
539387.72 377602.41 40.10 33.90
539388.57 377608.70 40.14 34.08
539384.27 377609.30 39.99 34.09
539382.71 377602.90 39.90 33.98
539377.78 377603.16 39.78 34.04
539377.70 377597.17 39.81 33.77
0
318
539426.88 377595.77 41.40 33.40
539455.40 377589.82 42.35 33.15
539456.44 377594.79 42.39 33.27
539449.52 377596.22 42.15 33.32
539450.46 377602.03 42.22 33.45
539445.46 377602.66 42.05 33.58
539444.27 377597.89 41.98 33.46
539437.82 377598.86 41.78 33.54
539439.25 377603.92 41.84 33.64
539433.53 377605.05 41.64 33.64
539431.81 377599.37 41.57 33.53
539427.57 377600.04 41.45 33.52
539426.88 377595.77 41.40 33.40
0
319
539376.60 377567.40 39.70 32.91
539403.78 377565.41 40.51 32.85
539404.31 377571.27 40.54 32.95
539396.60 377571.68 40.28 32.98
539397.18 377577.91 40.32 33.05
539391.26 377578.36 40.14 33.03
539390.59 377572.19 40.08 32.95
539386.37 377572.58 39.90 32.98
539386.81 377578.64 39.97 33.07
539381.70 377578.37 39.79 33.18
539381.63 377572.88 39.78 33.00
539376.74 377573.17 39.61 33.13
539376.60 377567.40 39.70 32.91
0
320
539421.46 377554.71 41.07 32.46
539451.42 377553.83 42.09 32.26
539451.24 377559.55 42.10 32.35
539444.58 377559.25 41.86 32.31
539444.87 377565.18 41.93 32.43
539440.55 377564.89 41.75 32.45
539440.28 377559.70 41.72 32.32
539433.77 377559.84 41.51 32.43
539433.62 377565.62 41.52 32.59
539426.83 377565.82 41.28 32.63
539427.10 377559.84 41.27 32.53
539421.19 377559.69 41.07 32.52
539421.46 377554.71 41.07 32.46
0
321
539372.89 377539.55 39.44 32.32
539401.13 377536.15 40.31 32.07
539401.75 377540.34 40.35 32.29
539394.37 377541.33 40.08 32.21
539394.96 377546.22 40.15 32.35
539389.93 377546.81 39.97 32.34
539388.83 377542.14 39.91 32.27
539382.82 377542.65 39.70 32.30
539383.56 377547.70 39.74 32.38
539378.24 377548.23 39.56 32.53
539377.34 377543.55 39.50 32.36
539373.19 377543.70 39.38 32.44
539372.89 377539.55 39.44 32.32
0
322
539560.88 377579.71 38.56 32.42
539589.02 377577.27 39.44 32.14
539589.21 377581.77 39.50 32.28
539582.54 377582.36 39.27 32.37
539583.02 377587.96 39.33 32.49
539577.58 377588.34 39.15 32.52
539576.53 377582.87 39.06 32.46
539570.53 377583.38 38.85 32.49
539571.06 377589.24 38.89 32.54
539565.94 377589.46 38.71 32.57
539565.32 377584.77 38.68 32.49
539561.07 377584.77 38.53 32.51
539560.88 377579.71 38.56 32.42
0
323
539552.63 377542.00 38.17 31.46
539581.33 377538.81 39.04 31.26
539581.33 377543.50 39.10 31.36
539576.83 377544.44 38.93 31.33
539577.20 377550.25 39.02 31.54
539571.46 377550.97 38.79 31.53
539570.93 377545.11 38.75 31.35
539564.93 377545.62 38.55 31.48
539565.46 377551.48 38.58 31.58
539559.45 377551.99 38.38 31.60
539558.92 377546.13 38.34 31.52
539552.91 377546.64 38.13 31.56
539552.63 377542.00 38.17 31.46
0
324
539688.58 377612.21 36.81 31.90
539708.31 377610.76 37.49 31.48
539707.06 377602.37 37.42 31.25
539687.34 377603.82 37.42 31.58
539688.58 377612.21 36.81 31.90
0
325
539709.34 377334.35 41.77 28.02
539740.25 377331.04 42.84 27.72
539739.63 377326.84 42.81 27.70
539748.58 377325.45 43.13 27.57
539747.80 377318.14 43.07 27.48
539697.09 377324.54 41.32 28.09
539698.42 377331.27 41.38 28.13
539707.92 377330.25 41.67 28.01
539709.34 377334.35 41.77 28.02
0
326
539693.68 377299.94 37.50 27.93
539717.70 377295.91 38.27 27.70
539715.56 377288.30 38.18 27.58
539706.95 377289.50 37.88 27.66
539705.53 377284.43 37.82 27.63
539698.86 377285.70 37.64 27.65
539700.05 377290.79 37.64 27.70
539692.25 377292.86 37.37 27.93
539693.68 377299.94 37.50 27.93
0
327
539784.89 377300.39 40.62 27.37
539856.09 377293.43 43.10 26.52
539855.05 377286.63 42.98 26.54
539803.27 377292.23 41.25 27.06
539802.03 377283.84 41.19 27.01
539782.78 377285.89 40.53 27.19
539784.89 377300.39 40.62 27.37
0
328
539825.96 377249.32 37.02 26.53
539852.57 377246.61 37.95 26.33
539850.62 377235.68 37.86 26.36
539824.01 377238.40 37.86 26.36
539825.96 377249.32 37.02 26.53
0
329
539792.92 377229.21 35.82 26.63
539848.76 377223.09 37.77 26.18
539845.38 377207.09 37.62 26.19
539789.54 377213.21 37.62 26.65
539792.92 377229.21 35.82 26.63
0
330
539200.00 377736.01 42.75 39.59
539238.76 377730.59 44.03 39.06
539235.27 377716.27 43.86 38.55
539196.51 377721.68 43.86 39.02
539200.00 377736.01 42.75 39.59
0
331
539198.05 377709.29 42.58 38.54
539235.82 377706.32 43.84 38.27
539232.06 377696.97 43.68 37.89
539225.96 377699.14 43.48 37.91
539226.14 377695.82 43.47 37.89
539220.04 377697.99 43.27 37.96
539219.86 377701.31 43.28 38.06
539213.85 377701.82 43.08 38.19
539212.42 377696.75 43.01 38.07
539206.31 377698.92 42.81 38.14
539206.13 377702.24 42.82 38.23
539198.41 377702.65 42.56 38.42
539198.05 377709.29 42.58 38.54
0
332
539030.44 377605.40 43.19 35.88
539026.05 377591.86 42.99 35.48
539009.71 377593.47 42.45 35.66
539008.37 377586.75 42.38 35.34
539026.51 377583.58 42.98 35.18
539024.64 377571.00 42.87 34.74
539003.09 377573.99 42.15 34.91
539001.84 377565.61 42.08 34.63
539034.52 377562.39 43.17 34.40
539039.96 377603.42 43.50 35.93
539030.44 377605.40 43.19 35.88
0
333
539172.64 377444.17 40.07 30.61
539192.48 377441.09 40.74 30.59
539193.01 377446.94 40.77 30.68
539186.10 377448.23 40.54 30.72
539186.63 377454.08 40.58 30.86
539180.62 377454.58 40.38 30.85
539179.56 377448.95 40.34 30.71
539173.17 377449.68 40.08 30.74
539172.64 377444.17 40.07 30.61
0
334
539212.32 377438.01 41.40 30.39
539229.55 377435.62 41.98 30.29
539230.08 377441.47 42.02 30.43
539224.85 377442.38 41.84 30.48
539226.21 377449.58 41.91 30.58
539220.20 377450.08 41.71 30.70
539218.86 377443.36 41.64 30.48
539213.34 377444.02 41.49 30.50
539212.32 377438.01 41.40 30.39
0
335
539369.04 377434.10 39.40 29.94
539378.52 377432.47 39.72 29.79
539376.89 377425.22 39.62 29.64
539385.04 377423.44 39.91 29.60
539383.67 377417.12 39.82 29.50
539357.73 377422.37 38.94 29.80
539358.97 377428.47 39.01 29.89
539366.88 377427.03 39.27 29.88
539369.04 377434.10 39.40 29.94
0
336
539371.42 377453.07 39.50 30.41
539388.65 377450.67 40.09 30.21
539389.18 377456.52 40.12 30.25
539380.56 377457.72 39.83 30.37
539381.63 377463.72 39.92 30.56
539377.63 377464.32 39.77 30.61
539376.26 377458.32 39.68 30.50
539371.95 377458.92 39.53 30.49
539371.42 377453.07 39.50 30.41
0
337
539326.39 377456.61 38.01 30.44
539346.56 377454.21 38.65 30.42
539347.71 377460.32 38.72 30.56
539340.19 377461.36 38.45 30.57
539341.52 377468.09 38.52 30.79
539335.42 377469.05 38.31 30.76
539333.80 377462.14 38.25 30.55
539326.89 377462.85 38.01 30.57
539326.39 377456.61 38.01 30.44
0
338
539294.99 377460.02 36.96 30.72
539312.19 377457.34 37.48 30.64
539313.35 377463.28 37.51 30.74
539307.51 377464.58 37.34 30.77
539308.61 377469.79 37.40 30.88
539303.28 377471.13 37.23 30.91
539301.80 377465.35 37.13 30.79
539296.29 377466.46 36.96 30.82
539294.99 377460.02 36.96 30.72
0
339
538818.45 378085.46 61.17 58.92
538816.50 378058.66 61.17 56.61
538825.96 378058.35 61.17 56.63
538828.01 378083.48 61.17 59.88
538818.45 378085.46 61.17 58.92
0
340
538813.90 378043.51 54.90 56.04
538831.21 378041.12 54.90 55.38
538830.68 378035.25 54.90 54.93
538813.37 378037.64 54.90 55.83
538813.90 378043.51 54.90 56.04
0
341
538856.35 378036.66 54.90 54.82
538876.18 378035.24 54.90 56.58
538874.75 378030.16 54.90 57.19
538854.92 378031.58 54.90 54.65
538856.35 378036.66 54.90 54.82
0
342
538861.29 378056.11 55.79 55.27
538878.60 378053.72 55.79 56.20
538877.16 378048.64 55.79 55.82
538859.85 378051.03 55.79 55.03
538861.29 378056.11 55.79 55.27
0
343
538885.98 378059.97 55.79 58.13
538883.29 378046.48 55.79 57.52
538892.75 378046.16 55.79 59.08
538895.44 378059.65 55.79 62.47
538885.98 378059.97 55.79 58.13
0
344
538705.47 378063.42 52.21 50.12
538722.15 378056.83 52.21 52.95
538719.10 378049.99 52.21 52.73
538702.42 378056.58 52.21 49.43
538705.47 378063.42 52.21 50.12
0
345
538708.12 378031.04 51.31 51.04
538698.86 378012.18 51.31 49.90
538706.80 378008.45 51.31 50.93
538716.06 378027.30 51.31 52.75
538708.12 378031.04 51.31 51.04
0
346
538642.46 378084.99 50.41 50.97
538669.69 378073.97 50.41 49.44
538667.35 378069.67 50.41 47.86
538640.12 378080.69 50.41 50.93
538642.46 378084.99 50.41 50.97
0
347
538681.05 378070.42 50.41 48.99
538691.50 378067.66 50.41 49.25
538689.16 378063.36 50.41 47.90
538678.71 378066.13 50.41 48.45
538681.05 378070.42 50.41 48.99
0
348
538860.96 377611.52 45.63 35.27
538905.94 377605.65 45.63 35.38
538902.97 377597.14 45.63 35.09
538858.00 377603.02 45.63 35.08
538860.96 377611.52 45.63 35.27
0
349
538724.55 377671.61 42.65 34.85
538750.42 377669.69 42.65 35.45
538748.26 377662.07 42.65 35.20
538722.40 377663.98 42.65 34.90
538724.55 377671.61 42.65 34.85
0
350
538759.34 377663.51 42.65 35.41
538767.09 377663.10 42.65 35.45
538766.64 377671.41 42.65 35.62
538773.57 377670.13 42.65 35.69
538772.32 377661.72 42.65 35.47
538780.88 377662.19 42.65 35.60
538780.52 377668.84 42.65 35.77
538789.08 377669.31 42.65 35.96
538785.21 377661.59 42.65 35.80
538793.05 377659.52 42.65 35.91
538790.90 377651.89 42.65 35.59
538758.90 377655.98 42.65 35.10
538759.34 377663.51 42.65 35.41
0
351
538757.41 377620.86 42.65 34.46
538787.60 377618.35 42.65 34.76
538788.13 377624.21 42.65 34.88
538780.38 377624.62 42.65 34.82
538781.73 377631.37 42.65 35.01
538775.69 377631.87 42.65 34.98
538774.34 377625.13 42.65 34.74
538766.59 377625.54 42.65 34.74
538767.13 377631.40 42.65 34.82
538761.99 377631.12 42.65 34.76
538760.56 377626.04 42.65 34.70
538755.42 377625.76 42.65 34.63
538757.41 377620.86 42.65 34.46
0
352
538723.61 377626.52 42.65 34.10
538745.15 377625.20 42.65 34.49
538744.06 377629.31 42.65 34.54
538737.12 377630.59 42.65 34.50
538737.56 377638.13 42.65 34.54
538731.53 377638.63 42.65 34.45
538730.99 377632.76 42.65 34.41
538724.95 377633.26 42.65 34.28
538723.61 377626.52 42.65 34.10
0
353
538721.40 377588.86 42.65 33.26
538743.93 377585.09 42.65 33.42
538744.46 377590.96 42.65 33.58
538735.81 377592.15 42.65 33.55
538737.06 377600.56 42.65 33.76
538730.21 377600.19 42.65 33.63
538727.16 377593.35 42.65 33.52
538721.12 377593.85 42.65 33.45
538721.40 377588.86 42.65 33.26
0
354
538763.83 377597.86 42.65 34.00
538760.87 377589.36 42.65 33.70
538753.93 377590.65 42.65 33.71
538751.68 377584.68 42.65 33.46
538779.35 377581.19 42.65 33.91
538779.88 377587.06 42.65 34.09
538770.33 377589.04 42.65 33.81
538771.67 377595.79 42.65 34.05
538763.83 377597.86 42.65 34.00
0
355
538750.44 377548.94 42.65 32.83
538772.72 377545.80 42.65 32.93
538773.64 377551.96 42.65 33.20
538766.31 377552.96 42.65 33.11
538768.47 377560.58 42.65 33.30
538760.25 377561.57 42.65 33.28
538758.56 377553.36 42.65 33.00
538751.62 377554.65 42.65 32.97
538750.44 377548.94 42.65 32.83
0
356
538853.04 377474.26 40.85 31.44
538888.49 377471.43 40.85 31.85
538888.95 377477.93 40.85 31.99
538880.00 377478.97 40.85 31.93
538881.32 377488.21 40.85 32.11
538874.53 377488.78 40.85 32.07
538872.55 377479.54 40.85 31.83
538866.51 377480.04 40.85 31.78
538867.18 377489.91 40.85 32.07
538859.82 377489.91 40.85 31.95
538857.95 377479.57 40.85 31.73
538853.62 377480.17 40.85 31.70
538853.04 377474.26 40.85 31.44
0
357
538797.40 377480.86 40.85 31.29
538831.46 377477.29 40.85 31.63
538832.29 377482.93 40.85 31.75
538824.24 377483.56 40.85 31.66
538825.31 377492.55 40.85 31.90
538817.96 377493.49 40.85 31.87
538816.40 377485.64 40.85 31.61
538810.36 377486.14 40.85 31.60
538811.36 377494.62 40.85 31.81
538804.57 377495.19 40.85 31.72
538802.61 377486.55 40.85 31.57
538798.28 377487.15 40.85 31.56
538797.40 377480.86 40.85 31.29
0
358
538626.14 377510.24 39.36 28.68
538653.81 377506.75 39.36 30.30
538649.22 377496.49 39.36 29.79
538624.98 377500.17 39.36 27.65
538626.14 377510.24 39.36 28.68
0
359
538660.11 377493.12 39.96 30.48
538691.41 377490.66 39.96 30.69
538692.12 377497.17 39.96 30.93
538685.38 377498.02 39.96 30.81
538687.08 377507.45 39.96 31.11
538681.61 377507.83 39.96 31.08
538679.91 377498.40 39.96 30.75
538671.39 377499.38 39.96 30.75
538672.37 377508.77 39.96 30.94
538666.52 377509.15 39.96 30.88
538665.35 377499.88 39.96 30.71
538660.21 377499.60 39.96 30.62
538660.11 377493.12 39.96 30.48
0
360
538701.03 377489.72 39.96 30.81
538733.94 377486.12 39.96 31.09
538734.48 377491.99 39.96 31.15
538725.82 377493.18 39.96 31.18
538726.68 377498.96 39.96 31.26
538721.21 377499.53 39.96 31.23
538720.60 377494.57 39.96 31.19
538714.56 377495.07 39.96 31.09
538714.28 377500.06 39.96 31.24
538708.24 377500.56 39.96 31.12
538707.26 377494.44 39.96 30.99
538701.67 377495.20 39.96 30.97
538701.03 377489.72 39.96 30.81
0
361
538910.71 377441.59 41.75 30.99
538945.32 377436.82 41.75 30.73
538943.25 377427.53 41.75 30.50
538908.65 377432.30 41.75 30.67
538910.71 377441.59 41.75 30.99
0
362
538896.75 377429.98 41.75 30.61
538890.32 377375.41 41.75 28.92
538897.17 377375.79 41.75 28.98
538900.65 377406.01 41.75 29.80
538936.07 377402.11 41.75 29.73
538932.59 377371.89 41.75 29.04
538938.63 377371.39 41.75 28.92
538944.27 377409.23 41.75 29.87
538900.29 377412.66 41.75 29.94
538902.63 377429.37 41.75 30.58
538896.75 377429.98 41.75 30.61
0
363
538820.09 377325.69 41.75 26.96
538897.86 377316.61 41.75 27.39
538894.55 377298.91 41.75 26.91
538816.77 377307.99 41.75 26.41
538820.09 377325.69 41.75 26.96
0
364
538843.39 377276.92 39.66 26.17
538893.31 377274.65 39.66 26.58
538891.44 377262.04 39.66 26.41
538841.51 377264.31 39.66 26.10
538843.39 377276.92 39.66 26.17
0